The SVC model: The test set score using MinMax:
 0.596774193548
The SVC model: The best cross validation score using MinMax:
 0.655913978495
The SVC model: The best parameters with selected using MinMax:
 {'svm__C': 100, 'svm__gamma': 1, 'svm__kernel': 'rbf'}
The SVC model: the classification Report using MinMax:
              precision    recall  f1-score   support

    10_User       1.00      0.25      0.40         8
    11_User       0.44      0.80      0.57         5
    12_User       0.60      0.60      0.60         5
    13_User       0.44      0.80      0.57         5
    14_User       0.60      0.50      0.55         6
    15_User       1.00      0.83      0.91         6
    17_User       0.80      0.80      0.80         5
    18_User       0.33      0.08      0.13        12
    19_User       0.14      0.25      0.18         4
     1_User       0.45      0.83      0.59         6
    20_User       0.60      0.75      0.67         4
    21_User       0.57      0.50      0.53         8
    22_User       1.00      1.00      1.00         8
    23_User       0.43      0.50      0.46         6
    24_User       0.20      0.17      0.18         6
    25_User       0.80      0.80      0.80        10
    26_User       1.00      0.50      0.67         2
    27_User       0.40      0.50      0.44         4
    28_User       0.83      1.00      0.91         5
    29_User       0.25      0.40      0.31         5
     2_User       0.50      0.83      0.62         6
    30_User       0.80      0.57      0.67         7
    31_User       0.50      0.33      0.40         9
    32_User       1.00      0.38      0.55         8
     3_User       0.67      0.50      0.57         4
     4_User       1.00      0.83      0.91         6
     5_User       0.62      0.71      0.67         7
     6_User       1.00      1.00      1.00         8
     7_User       0.40      0.50      0.44         4
     8_User       0.20      0.50      0.29         2
     9_User       0.80      0.80      0.80         5

avg / total       0.65      0.60      0.59       186

The SVC model: the confusion svc metrics using MinMax:
[[2 2 0 0 0 0 0 0 0 0 0 0 0 0 0 0 0 0 0 0 0 0 0 0 0 0 0 0 1 3 0]
 [0 4 0 0 0 0 0 1 0 0 0 0 0 0 0 0 0 0 0 0 0 0 0 0 0 0 0 0 0 0 0]
 [0 0 3 0 0 0 0 0 0 0 0 0 0 0 0 0 0 1 0 0 0 0 0 0 0 0 0 0 1 0 0]
 [0 0 0 4 0 0 0 0 0 0 0 0 0 0 0 0 0 0 0 0 0 0 0 0 0 0 1 0 0 0 0]
 [0 0 0 0 3 0 0 1 1 0 0 0 0 0 0 0 0 1 0 0 0 0 0 0 0 0 0 0 0 0 0]
 [0 0 0 0 0 5 0 0 0 0 0 0 0 0 0 1 0 0 0 0 0 0 0 0 0 0 0 0 0 0 0]
 [0 0 0 0 0 0 4 0 1 0 0 0 0 0 0 0 0 0 0 0 0 0 0 0 0 0 0 0 0 0 0]
 [0 3 0 1 0 0 0 1 2 2 0 0 0 0 0 0 0 0 0 1 0 0 1 0 0 0 0 0 1 0 0]
 [0 0 0 1 0 0 0 0 1 0 0 1 0 0 1 0 0 0 0 0 0 0 0 0 0 0 0 0 0 0 0]
 [0 0 0 0 1 0 0 0 0 5 0 0 0 0 0 0 0 0 0 0 0 0 0 0 0 0 0 0 0 0 0]
 [0 0 0 0 0 0 0 0 0 0 3 0 0 0 0 0 0 0 0 1 0 0 0 0 0 0 0 0 0 0 0]
 [0 0 0 0 0 0 0 0 0 3 0 4 0 0 0 0 0 0 0 0 0 0 1 0 0 0 0 0 0 0 0]
 [0 0 0 0 0 0 0 0 0 0 0 0 8 0 0 0 0 0 0 0 0 0 0 0 0 0 0 0 0 0 0]
 [0 0 0 0 0 0 0 0 0 0 0 0 0 3 0 0 0 0 0 0 2 0 1 0 0 0 0 0 0 0 0]
 [0 0 0 0 0 0 0 0 1 1 0 1 0 0 1 0 0 0 0 2 0 0 0 0 0 0 0 0 0 0 0]
 [0 0 0 0 0 0 0 0 0 0 2 0 0 0 0 8 0 0 0 0 0 0 0 0 0 0 0 0 0 0 0]
 [0 0 0 0 0 0 0 0 0 0 0 0 0 0 0 0 1 0 0 0 0 0 0 0 0 0 0 0 0 1 0]
 [0 0 1 0 0 0 0 0 0 0 0 0 0 0 0 0 0 2 0 0 0 0 0 0 1 0 0 0 0 0 0]
 [0 0 0 0 0 0 0 0 0 0 0 0 0 0 0 0 0 0 5 0 0 0 0 0 0 0 0 0 0 0 0]
 [0 0 0 1 0 0 0 0 0 0 0 0 0 0 2 0 0 0 0 2 0 0 0 0 0 0 0 0 0 0 0]
 [0 0 0 0 0 0 0 0 0 0 0 0 0 0 0 0 0 0 0 0 5 0 0 0 0 0 1 0 0 0 0]
 [0 0 0 0 1 0 0 0 0 0 0 0 0 0 1 0 0 0 0 0 0 4 0 0 0 0 1 0 0 0 0]
 [0 0 0 2 0 0 0 0 0 0 0 0 0 1 0 0 0 0 1 2 0 0 3 0 0 0 0 0 0 0 0]
 [0 0 0 0 0 0 0 0 0 0 0 0 0 3 0 0 0 0 0 0 2 0 0 3 0 0 0 0 0 0 0]
 [0 0 1 0 0 0 0 0 0 0 0 0 0 0 0 0 0 1 0 0 0 0 0 0 2 0 0 0 0 0 0]
 [0 0 0 0 0 0 0 0 0 0 0 0 0 0 0 0 0 0 0 0 0 0 0 0 0 5 0 0 0 0 1]
 [0 0 0 0 0 0 0 0 0 0 0 1 0 0 0 0 0 0 0 0 1 0 0 0 0 0 5 0 0 0 0]
 [0 0 0 0 0 0 0 0 0 0 0 0 0 0 0 0 0 0 0 0 0 0 0 0 0 0 0 8 0 0 0]
 [0 0 0 0 0 0 1 0 1 0 0 0 0 0 0 0 0 0 0 0 0 0 0 0 0 0 0 0 2 0 0]
 [0 0 0 0 0 0 0 0 0 0 0 0 0 0 0 1 0 0 0 0 0 0 0 0 0 0 0 0 0 1 0]
 [0 0 0 0 0 0 0 0 0 0 0 0 0 0 0 0 0 0 0 0 0 1 0 0 0 0 0 0 0 0 4]]
The SVC model: The test set score using MinMax:
 0.629032258065
The SVC model: The best cross validation score using MinMax:
 0.672043010753
The SVC model: The best parameters with selected using MinMax:
 {'svm__C': 100, 'svm__gamma': 1, 'svm__kernel': 'rbf'}
The SVC model: the classification Report using MinMax:
              precision    recall  f1-score   support

    10_User       1.00      0.50      0.67         8
    11_User       0.43      0.60      0.50         5
    12_User       0.60      0.60      0.60         5
    13_User       0.50      0.80      0.62         5
    14_User       0.57      0.67      0.62         6
    15_User       1.00      1.00      1.00         6
    17_User       0.80      0.80      0.80         5
    18_User       0.80      0.33      0.47        12
    19_User       0.12      0.25      0.17         4
     1_User       0.56      0.83      0.67         6
    20_User       0.75      0.75      0.75         4
    21_User       0.44      0.50      0.47         8
    22_User       1.00      1.00      1.00         8
    23_User       0.50      0.50      0.50         6
    24_User       0.29      0.33      0.31         6
    25_User       0.90      0.90      0.90        10
    26_User       1.00      0.50      0.67         2
    27_User       0.40      0.50      0.44         4
    28_User       0.83      1.00      0.91         5
    29_User       0.25      0.40      0.31         5
     2_User       0.42      0.83      0.56         6
    30_User       1.00      0.57      0.73         7
    31_User       0.60      0.33      0.43         9
    32_User       1.00      0.25      0.40         8
     3_User       0.67      0.50      0.57         4
     4_User       1.00      0.83      0.91         6
     5_User       0.62      0.71      0.67         7
     6_User       1.00      1.00      1.00         8
     7_User       0.50      0.50      0.50         4
     8_User       0.33      0.50      0.40         2
     9_User       0.75      0.60      0.67         5

avg / total       0.70      0.63      0.63       186

The SVC model: the confusion svc metrics using MinMax:
[[4 2 0 0 0 0 0 0 0 0 0 0 0 0 0 0 0 0 0 0 0 0 0 0 0 0 0 0 1 1 0]
 [0 3 0 0 0 0 0 1 0 1 0 0 0 0 0 0 0 0 0 0 0 0 0 0 0 0 0 0 0 0 0]
 [0 0 3 0 0 0 0 0 0 0 0 0 0 0 0 0 0 1 0 0 0 0 0 0 0 0 0 0 1 0 0]
 [0 0 0 4 0 0 0 0 0 0 0 0 0 0 0 0 0 0 0 0 0 0 0 0 0 0 1 0 0 0 0]
 [0 0 0 0 4 0 0 0 1 0 0 0 0 0 0 0 0 1 0 0 0 0 0 0 0 0 0 0 0 0 0]
 [0 0 0 0 0 6 0 0 0 0 0 0 0 0 0 0 0 0 0 0 0 0 0 0 0 0 0 0 0 0 0]
 [0 0 0 1 0 0 4 0 0 0 0 0 0 0 0 0 0 0 0 0 0 0 0 0 0 0 0 0 0 0 0]
 [0 2 0 0 0 0 0 4 2 1 0 1 0 0 0 0 0 0 0 2 0 0 0 0 0 0 0 0 0 0 0]
 [0 0 0 1 0 0 0 0 1 0 0 1 0 0 1 0 0 0 0 0 0 0 0 0 0 0 0 0 0 0 0]
 [0 0 0 0 1 0 0 0 0 5 0 0 0 0 0 0 0 0 0 0 0 0 0 0 0 0 0 0 0 0 0]
 [0 0 0 0 0 0 0 0 0 0 3 0 0 0 0 0 0 0 0 1 0 0 0 0 0 0 0 0 0 0 0]
 [0 0 0 0 1 0 0 0 1 1 0 4 0 0 0 0 0 0 0 0 0 0 1 0 0 0 0 0 0 0 0]
 [0 0 0 0 0 0 0 0 0 0 0 0 8 0 0 0 0 0 0 0 0 0 0 0 0 0 0 0 0 0 0]
 [0 0 0 0 0 0 0 0 0 0 0 0 0 3 0 0 0 0 0 0 2 0 1 0 0 0 0 0 0 0 0]
 [0 0 0 0 0 0 0 0 1 0 0 1 0 0 2 0 0 0 0 2 0 0 0 0 0 0 0 0 0 0 0]
 [0 0 0 0 0 0 0 0 0 0 1 0 0 0 0 9 0 0 0 0 0 0 0 0 0 0 0 0 0 0 0]
 [0 0 0 0 0 0 0 0 0 0 0 0 0 0 0 0 1 0 0 0 0 0 0 0 0 0 0 0 0 1 0]
 [0 0 1 0 0 0 0 0 0 0 0 0 0 0 0 0 0 2 0 0 0 0 0 0 1 0 0 0 0 0 0]
 [0 0 0 0 0 0 0 0 0 0 0 0 0 0 0 0 0 0 5 0 0 0 0 0 0 0 0 0 0 0 0]
 [0 0 0 1 0 0 0 0 0 0 0 0 0 0 2 0 0 0 0 2 0 0 0 0 0 0 0 0 0 0 0]
 [0 0 0 0 0 0 0 0 0 0 0 0 0 0 0 0 0 0 0 0 5 0 0 0 0 0 1 0 0 0 0]
 [0 0 0 0 1 0 0 0 0 0 0 0 0 0 1 0 0 0 0 0 0 4 0 0 0 0 1 0 0 0 0]
 [0 0 0 1 0 0 0 0 1 0 0 1 0 1 0 0 0 0 1 1 0 0 3 0 0 0 0 0 0 0 0]
 [0 0 0 0 0 0 0 0 0 0 0 0 0 2 0 0 0 0 0 0 4 0 0 2 0 0 0 0 0 0 0]
 [0 0 1 0 0 0 0 0 0 0 0 0 0 0 0 0 0 1 0 0 0 0 0 0 2 0 0 0 0 0 0]
 [0 0 0 0 0 0 0 0 0 0 0 0 0 0 0 0 0 0 0 0 0 0 0 0 0 5 0 0 0 0 1]
 [0 0 0 0 0 0 0 0 0 0 0 1 0 0 0 0 0 0 0 0 1 0 0 0 0 0 5 0 0 0 0]
 [0 0 0 0 0 0 0 0 0 0 0 0 0 0 0 0 0 0 0 0 0 0 0 0 0 0 0 8 0 0 0]
 [0 0 0 0 0 0 1 0 1 0 0 0 0 0 0 0 0 0 0 0 0 0 0 0 0 0 0 0 2 0 0]
 [0 0 0 0 0 0 0 0 0 0 0 0 0 0 0 1 0 0 0 0 0 0 0 0 0 0 0 0 0 1 0]
 [0 0 0 0 0 0 0 0 0 1 0 0 0 0 1 0 0 0 0 0 0 0 0 0 0 0 0 0 0 0 3]]
The SVC model: The test set score using MinMax:
 0.645161290323
The SVC model: The best cross validation score using MinMax:
 0.649193548387
The SVC model: The best parameters with selected using MinMax:
 {'svm__C': 100, 'svm__gamma': 1, 'svm__kernel': 'rbf'}
The SVC model: the classification Report using MinMax:
              precision    recall  f1-score   support

    10_User       0.88      0.88      0.88         8
    11_User       0.67      0.80      0.73         5
    12_User       0.67      0.80      0.73         5
    13_User       0.36      0.80      0.50         5
    14_User       0.62      0.83      0.71         6
    15_User       0.86      1.00      0.92         6
    17_User       1.00      0.60      0.75         5
    18_User       0.75      0.50      0.60        12
    19_User       0.25      0.25      0.25         4
     1_User       0.50      0.67      0.57         6
    20_User       0.60      0.75      0.67         4
    21_User       0.67      0.50      0.57         8
    22_User       1.00      1.00      1.00         8
    23_User       0.40      0.33      0.36         6
    24_User       0.33      0.33      0.33         6
    25_User       0.80      0.80      0.80        10
    26_User       1.00      0.50      0.67         2
    27_User       0.50      0.50      0.50         4
    28_User       1.00      1.00      1.00         5
    29_User       0.43      0.60      0.50         5
     2_User       0.42      0.83      0.56         6
    30_User       0.80      0.57      0.67         7
    31_User       0.75      0.33      0.46         9
    32_User       0.50      0.12      0.20         8
     3_User       0.50      0.50      0.50         4
     4_User       0.83      0.83      0.83         6
     5_User       0.50      0.71      0.59         7
     6_User       1.00      1.00      1.00         8
     7_User       0.33      0.25      0.29         4
     8_User       0.50      0.50      0.50         2
     9_User       0.75      0.60      0.67         5

avg / total       0.67      0.65      0.64       186

The SVC model: the confusion svc metrics using MinMax:
[[7 0 0 0 0 0 0 0 0 0 0 0 0 0 0 0 0 0 0 0 0 0 0 0 0 0 0 0 1 0 0]
 [0 4 0 0 0 0 0 1 0 0 0 0 0 0 0 0 0 0 0 0 0 0 0 0 0 0 0 0 0 0 0]
 [0 0 4 0 0 0 0 0 0 0 0 0 0 0 0 0 0 1 0 0 0 0 0 0 0 0 0 0 0 0 0]
 [0 0 0 4 0 0 0 0 0 0 0 0 0 0 0 0 0 0 0 0 0 0 0 0 0 0 1 0 0 0 0]
 [0 0 0 0 5 0 0 0 0 0 0 0 0 0 0 0 0 1 0 0 0 0 0 0 0 0 0 0 0 0 0]
 [0 0 0 0 0 6 0 0 0 0 0 0 0 0 0 0 0 0 0 0 0 0 0 0 0 0 0 0 0 0 0]
 [0 0 0 1 0 0 3 0 0 0 0 0 0 0 0 0 0 0 0 0 0 0 0 0 0 0 0 0 0 1 0]
 [0 1 0 1 0 0 0 6 1 1 0 0 0 0 0 0 0 0 0 2 0 0 0 0 0 0 0 0 0 0 0]
 [0 0 0 1 0 0 0 0 1 0 0 1 0 0 1 0 0 0 0 0 0 0 0 0 0 0 0 0 0 0 0]
 [0 1 0 0 1 0 0 0 0 4 0 0 0 0 0 0 0 0 0 0 0 0 0 0 0 0 0 0 0 0 0]
 [0 0 0 0 0 0 0 0 0 0 3 0 0 0 0 1 0 0 0 0 0 0 0 0 0 0 0 0 0 0 0]
 [0 0 0 0 1 0 0 0 0 2 0 4 0 0 0 0 0 0 0 0 0 0 0 0 0 0 1 0 0 0 0]
 [0 0 0 0 0 0 0 0 0 0 0 0 8 0 0 0 0 0 0 0 0 0 0 0 0 0 0 0 0 0 0]
 [0 0 0 1 0 0 0 0 0 0 0 0 0 2 0 0 0 0 0 0 3 0 0 0 0 0 0 0 0 0 0]
 [0 0 0 0 0 0 0 1 1 0 0 0 0 0 2 0 0 0 0 1 0 1 0 0 0 0 0 0 0 0 0]
 [0 0 0 0 0 0 0 0 0 0 2 0 0 0 0 8 0 0 0 0 0 0 0 0 0 0 0 0 0 0 0]
 [1 0 0 0 0 0 0 0 0 0 0 0 0 0 0 0 1 0 0 0 0 0 0 0 0 0 0 0 0 0 0]
 [0 0 1 0 0 0 0 0 0 0 0 0 0 0 0 0 0 2 0 0 0 0 0 0 1 0 0 0 0 0 0]
 [0 0 0 0 0 0 0 0 0 0 0 0 0 0 0 0 0 0 5 0 0 0 0 0 0 0 0 0 0 0 0]
 [0 0 0 2 0 0 0 0 0 0 0 0 0 0 0 0 0 0 0 3 0 0 0 0 0 0 0 0 0 0 0]
 [0 0 0 0 0 0 0 0 0 0 0 0 0 0 0 0 0 0 0 0 5 0 0 0 0 0 1 0 0 0 0]
 [0 0 0 0 1 0 0 0 0 0 0 0 0 0 1 0 0 0 0 0 0 4 0 0 0 0 1 0 0 0 0]
 [0 0 0 1 0 1 0 0 1 0 0 1 0 0 0 0 0 0 0 1 0 0 3 1 0 0 0 0 0 0 0]
 [0 0 0 0 0 0 0 0 0 0 0 0 0 3 0 0 0 0 0 0 3 0 0 1 0 1 0 0 0 0 0]
 [0 0 1 0 0 0 0 0 0 0 0 0 0 0 0 0 0 0 0 0 0 0 0 0 2 0 0 0 1 0 0]
 [0 0 0 0 0 0 0 0 0 0 0 0 0 0 0 0 0 0 0 0 0 0 0 0 0 5 0 0 0 0 1]
 [0 0 0 0 0 0 0 0 0 0 0 0 0 0 0 0 0 0 0 0 1 0 1 0 0 0 5 0 0 0 0]
 [0 0 0 0 0 0 0 0 0 0 0 0 0 0 0 0 0 0 0 0 0 0 0 0 0 0 0 8 0 0 0]
 [0 0 0 0 0 0 0 0 0 0 0 0 0 0 1 0 0 0 0 0 0 0 0 0 1 0 1 0 1 0 0]
 [0 0 0 0 0 0 0 0 0 0 0 0 0 0 0 1 0 0 0 0 0 0 0 0 0 0 0 0 0 1 0]
 [0 0 0 0 0 0 0 0 0 1 0 0 0 0 1 0 0 0 0 0 0 0 0 0 0 0 0 0 0 0 3]]
The SVC model: The test set score using MinMax:
 0.655913978495
The SVC model: The best cross validation score using MinMax:
 0.655913978495
The SVC model: The best parameters with selected using MinMax:
 {'svm__C': 100, 'svm__gamma': 0.1, 'svm__kernel': 'rbf'}
The SVC model: the classification Report using MinMax:
              precision    recall  f1-score   support

    10_User       0.83      0.62      0.71         8
    11_User       0.57      0.80      0.67         5
    12_User       0.80      0.80      0.80         5
    13_User       0.29      0.40      0.33         5
    14_User       0.67      0.67      0.67         6
    15_User       0.83      0.83      0.83         6
    17_User       1.00      0.40      0.57         5
    18_User       0.50      0.17      0.25        12
    19_User       0.33      0.50      0.40         4
     1_User       0.43      0.50      0.46         6
    20_User       1.00      0.50      0.67         4
    21_User       1.00      0.88      0.93         8
    22_User       1.00      1.00      1.00         8
    23_User       1.00      0.67      0.80         6
    24_User       0.50      0.50      0.50         6
    25_User       0.73      0.80      0.76        10
    26_User       0.67      1.00      0.80         2
    27_User       0.50      0.25      0.33         4
    28_User       1.00      0.80      0.89         5
    29_User       0.33      0.60      0.43         5
     2_User       0.62      0.83      0.71         6
    30_User       0.50      0.29      0.36         7
    31_User       0.71      0.56      0.63         9
    32_User       0.67      0.75      0.71         8
     3_User       0.67      0.50      0.57         4
     4_User       1.00      0.83      0.91         6
     5_User       0.55      0.86      0.67         7
     6_User       1.00      1.00      1.00         8
     7_User       0.29      0.50      0.36         4
     8_User       0.25      0.50      0.33         2
     9_User       0.62      1.00      0.77         5

avg / total       0.70      0.66      0.65       186

The SVC model: the confusion svc metrics using MinMax:
[[5 0 0 0 0 0 0 0 0 0 0 0 0 0 0 0 1 0 0 0 0 0 0 0 0 0 0 0 0 2 0]
 [0 4 0 0 0 0 0 0 0 1 0 0 0 0 0 0 0 0 0 0 0 0 0 0 0 0 0 0 0 0 0]
 [0 0 4 0 0 0 0 0 0 0 0 0 0 0 0 0 0 0 0 0 0 0 0 0 0 0 0 0 1 0 0]
 [0 0 0 2 0 0 0 0 0 0 0 0 0 0 0 0 0 0 0 0 0 1 0 0 0 0 2 0 0 0 0]
 [0 0 0 1 4 0 0 0 0 0 0 0 0 0 0 0 0 0 0 0 0 0 0 0 1 0 0 0 0 0 0]
 [0 0 0 0 0 5 0 0 0 0 0 0 0 0 0 1 0 0 0 0 0 0 0 0 0 0 0 0 0 0 0]
 [0 0 0 0 0 0 2 0 0 0 0 0 0 0 0 0 0 0 0 1 0 0 0 0 0 0 0 0 2 0 0]
 [0 1 0 0 0 0 0 2 1 1 0 0 0 0 2 0 0 1 0 4 0 0 0 0 0 0 0 0 0 0 0]
 [0 0 0 0 0 0 0 0 2 0 0 0 0 0 0 0 0 0 0 1 0 0 1 0 0 0 0 0 0 0 0]
 [0 0 0 0 1 0 0 1 0 3 0 0 0 0 0 0 0 0 0 0 0 0 0 0 0 0 0 0 0 0 1]
 [1 0 0 0 0 0 0 0 1 0 2 0 0 0 0 0 0 0 0 0 0 0 0 0 0 0 0 0 0 0 0]
 [0 0 0 0 0 0 0 0 0 0 0 7 0 0 0 0 0 0 0 0 0 0 0 0 0 0 1 0 0 0 0]
 [0 0 0 0 0 0 0 0 0 0 0 0 8 0 0 0 0 0 0 0 0 0 0 0 0 0 0 0 0 0 0]
 [0 0 0 0 0 0 0 0 0 0 0 0 0 4 0 0 0 0 0 0 1 0 0 1 0 0 0 0 0 0 0]
 [0 0 0 0 0 0 0 1 1 0 0 0 0 0 3 0 0 0 0 0 0 1 0 0 0 0 0 0 0 0 0]
 [0 0 0 0 0 1 0 0 0 0 0 0 0 0 0 8 0 0 0 0 0 0 0 0 0 0 0 0 0 1 0]
 [0 0 0 0 0 0 0 0 0 0 0 0 0 0 0 0 2 0 0 0 0 0 0 0 0 0 0 0 0 0 0]
 [0 2 0 0 0 0 0 0 0 1 0 0 0 0 0 0 0 1 0 0 0 0 0 0 0 0 0 0 0 0 0]
 [0 0 0 0 0 0 0 0 0 0 0 0 0 0 0 1 0 0 4 0 0 0 0 0 0 0 0 0 0 0 0]
 [0 0 0 2 0 0 0 0 0 0 0 0 0 0 0 0 0 0 0 3 0 0 0 0 0 0 0 0 0 0 0]
 [0 0 0 0 0 0 0 0 0 0 0 0 0 0 0 0 0 0 0 0 5 0 0 1 0 0 0 0 0 0 0]
 [0 0 0 0 1 0 0 0 0 0 0 0 0 0 1 0 0 0 0 0 0 2 0 0 0 0 1 0 1 0 1]
 [0 0 0 2 0 0 0 0 0 1 0 0 0 0 0 0 0 0 0 0 0 0 5 1 0 0 0 0 0 0 0]
 [0 0 0 0 0 0 0 0 0 0 0 0 0 0 0 0 0 0 0 0 2 0 0 6 0 0 0 0 0 0 0]
 [0 0 1 0 0 0 0 0 0 0 0 0 0 0 0 0 0 0 0 0 0 0 0 0 2 0 0 0 1 0 0]
 [0 0 0 0 0 0 0 0 0 0 0 0 0 0 0 0 0 0 0 0 0 0 0 0 0 5 0 0 0 0 1]
 [0 0 0 0 0 0 0 0 0 0 0 0 0 0 0 0 0 0 0 0 0 0 1 0 0 0 6 0 0 0 0]
 [0 0 0 0 0 0 0 0 0 0 0 0 0 0 0 0 0 0 0 0 0 0 0 0 0 0 0 8 0 0 0]
 [0 0 0 0 0 0 0 0 1 0 0 0 0 0 0 0 0 0 0 0 0 0 0 0 0 0 1 0 2 0 0]
 [0 0 0 0 0 0 0 0 0 0 0 0 0 0 0 1 0 0 0 0 0 0 0 0 0 0 0 0 0 1 0]
 [0 0 0 0 0 0 0 0 0 0 0 0 0 0 0 0 0 0 0 0 0 0 0 0 0 0 0 0 0 0 5]]
The SVC model: The test set score using MinMax:
 0.645161290323
The SVC model: The best cross validation score using MinMax:
 0.643817204301
The SVC model: The best parameters with selected using MinMax:
 {'svm__C': 100, 'svm__gamma': 0.1, 'svm__kernel': 'rbf'}
The SVC model: the classification Report using MinMax:
              precision    recall  f1-score   support

    10_User       0.67      0.75      0.71         8
    11_User       0.40      0.80      0.53         5
    12_User       0.83      1.00      0.91         5
    13_User       0.22      0.40      0.29         5
    14_User       0.60      0.50      0.55         6
    15_User       0.83      0.83      0.83         6
    17_User       1.00      0.20      0.33         5
    18_User       0.50      0.33      0.40        12
    19_User       0.25      0.50      0.33         4
     1_User       1.00      0.50      0.67         6
    20_User       0.75      0.75      0.75         4
    21_User       0.88      0.88      0.88         8
    22_User       1.00      1.00      1.00         8
    23_User       0.80      0.67      0.73         6
    24_User       0.33      0.33      0.33         6
    25_User       0.78      0.70      0.74        10
    26_User       0.67      1.00      0.80         2
    27_User       0.67      0.50      0.57         4
    28_User       0.83      1.00      0.91         5
    29_User       0.50      0.60      0.55         5
     2_User       0.50      0.67      0.57         6
    30_User       0.60      0.43      0.50         7
    31_User       0.75      0.33      0.46         9
    32_User       0.57      0.50      0.53         8
     3_User       0.50      0.50      0.50         4
     4_User       1.00      1.00      1.00         6
     5_User       0.56      0.71      0.63         7
     6_User       1.00      1.00      1.00         8
     7_User       0.33      0.50      0.40         4
     8_User       0.50      0.50      0.50         2
     9_User       1.00      0.80      0.89         5

avg / total       0.69      0.65      0.65       186

The SVC model: the confusion svc metrics using MinMax:
[[6 1 0 0 0 0 0 0 0 0 0 0 0 0 0 0 1 0 0 0 0 0 0 0 0 0 0 0 0 0 0]
 [1 4 0 0 0 0 0 0 0 0 0 0 0 0 0 0 0 0 0 0 0 0 0 0 0 0 0 0 0 0 0]
 [0 0 5 0 0 0 0 0 0 0 0 0 0 0 0 0 0 0 0 0 0 0 0 0 0 0 0 0 0 0 0]
 [0 0 0 2 0 0 0 0 0 0 0 0 0 1 0 0 0 0 0 0 0 1 0 0 0 0 1 0 0 0 0]
 [0 0 0 0 3 0 0 0 0 0 0 0 0 0 1 0 0 0 0 1 0 0 0 0 1 0 0 0 0 0 0]
 [0 0 0 0 0 5 0 0 0 0 0 0 0 0 0 1 0 0 0 0 0 0 0 0 0 0 0 0 0 0 0]
 [0 0 0 0 0 0 1 0 0 0 0 0 0 0 0 0 0 0 0 1 0 0 0 0 0 0 0 0 3 0 0]
 [0 3 0 0 0 0 0 4 0 0 0 0 0 0 2 0 0 1 0 1 0 0 0 0 0 0 1 0 0 0 0]
 [0 0 0 0 0 0 0 1 2 0 0 1 0 0 0 0 0 0 0 0 0 0 0 0 0 0 0 0 0 0 0]
 [0 1 0 0 2 0 0 0 0 3 0 0 0 0 0 0 0 0 0 0 0 0 0 0 0 0 0 0 0 0 0]
 [1 0 0 0 0 0 0 0 0 0 3 0 0 0 0 0 0 0 0 0 0 0 0 0 0 0 0 0 0 0 0]
 [0 0 0 0 0 0 0 0 1 0 0 7 0 0 0 0 0 0 0 0 0 0 0 0 0 0 0 0 0 0 0]
 [0 0 0 0 0 0 0 0 0 0 0 0 8 0 0 0 0 0 0 0 0 0 0 0 0 0 0 0 0 0 0]
 [0 0 0 1 0 0 0 0 0 0 0 0 0 4 0 0 0 0 0 0 1 0 0 0 0 0 0 0 0 0 0]
 [0 0 0 1 0 0 0 1 1 0 0 0 0 0 2 0 0 0 0 0 0 1 0 0 0 0 0 0 0 0 0]
 [0 0 0 0 0 0 0 1 1 0 0 0 0 0 0 7 0 0 0 0 0 0 0 0 0 0 0 0 0 1 0]
 [0 0 0 0 0 0 0 0 0 0 0 0 0 0 0 0 2 0 0 0 0 0 0 0 0 0 0 0 0 0 0]
 [0 1 0 0 0 0 0 0 0 0 0 0 0 0 0 0 0 2 0 0 0 0 0 0 1 0 0 0 0 0 0]
 [0 0 0 0 0 0 0 0 0 0 0 0 0 0 0 0 0 0 5 0 0 0 0 0 0 0 0 0 0 0 0]
 [0 0 0 2 0 0 0 0 0 0 0 0 0 0 0 0 0 0 0 3 0 0 0 0 0 0 0 0 0 0 0]
 [0 0 0 0 0 0 0 0 0 0 0 0 0 0 0 0 0 0 0 0 4 0 0 2 0 0 0 0 0 0 0]
 [0 0 0 1 0 0 0 1 1 0 0 0 0 0 1 0 0 0 0 0 0 3 0 0 0 0 0 0 0 0 0]
 [0 0 0 2 0 1 0 0 1 0 0 0 0 0 0 0 0 0 1 0 0 0 3 1 0 0 0 0 0 0 0]
 [1 0 0 0 0 0 0 0 0 0 1 0 0 0 0 0 0 0 0 0 2 0 0 4 0 0 0 0 0 0 0]
 [0 0 1 0 0 0 0 0 0 0 0 0 0 0 0 0 0 0 0 0 0 0 0 0 2 0 0 0 1 0 0]
 [0 0 0 0 0 0 0 0 0 0 0 0 0 0 0 0 0 0 0 0 0 0 0 0 0 6 0 0 0 0 0]
 [0 0 0 0 0 0 0 0 0 0 0 0 0 0 0 0 0 0 0 0 1 0 1 0 0 0 5 0 0 0 0]
 [0 0 0 0 0 0 0 0 0 0 0 0 0 0 0 0 0 0 0 0 0 0 0 0 0 0 0 8 0 0 0]
 [0 0 0 0 0 0 0 0 1 0 0 0 0 0 0 0 0 0 0 0 0 0 0 0 0 0 1 0 2 0 0]
 [0 0 0 0 0 0 0 0 0 0 0 0 0 0 0 1 0 0 0 0 0 0 0 0 0 0 0 0 0 1 0]
 [0 0 0 0 0 0 0 0 0 0 0 0 0 0 0 0 0 0 0 0 0 0 0 0 0 0 1 0 0 0 4]]
The SVC model: The test set score using MinMax:
 0.655913978495
The SVC model: The best cross validation score using MinMax:
 0.657258064516
The SVC model: The best parameters with selected using MinMax:
 {'svm__C': 10, 'svm__gamma': 0.001, 'svm__kernel': 'linear'}
The SVC model: the classification Report using MinMax:
              precision    recall  f1-score   support

    10_User       0.75      0.75      0.75         8
    11_User       0.42      1.00      0.59         5
    12_User       0.80      0.80      0.80         5
    13_User       0.29      0.40      0.33         5
    14_User       0.75      0.50      0.60         6
    15_User       0.83      0.83      0.83         6
    17_User       0.75      0.60      0.67         5
    18_User       0.29      0.17      0.21        12
    19_User       0.17      0.25      0.20         4
     1_User       0.83      0.83      0.83         6
    20_User       1.00      0.75      0.86         4
    21_User       1.00      0.88      0.93         8
    22_User       1.00      1.00      1.00         8
    23_User       0.50      0.50      0.50         6
    24_User       0.50      0.50      0.50         6
    25_User       0.73      0.80      0.76        10
    26_User       0.67      1.00      0.80         2
    27_User       1.00      0.50      0.67         4
    28_User       1.00      0.80      0.89         5
    29_User       0.43      0.60      0.50         5
     2_User       0.62      0.83      0.71         6
    30_User       0.50      0.29      0.36         7
    31_User       0.71      0.56      0.63         9
    32_User       0.57      0.50      0.53         8
     3_User       0.50      0.50      0.50         4
     4_User       1.00      0.83      0.91         6
     5_User       0.50      0.71      0.59         7
     6_User       1.00      1.00      1.00         8
     7_User       0.40      0.50      0.44         4
     8_User       1.00      0.50      0.67         2
     9_User       0.80      0.80      0.80         5

avg / total       0.68      0.66      0.66       186

The SVC model: the confusion svc metrics using MinMax:
[[6 1 0 0 0 0 0 0 0 0 0 0 0 0 0 0 1 0 0 0 0 0 0 0 0 0 0 0 0 0 0]
 [0 5 0 0 0 0 0 0 0 0 0 0 0 0 0 0 0 0 0 0 0 0 0 0 0 0 0 0 0 0 0]
 [0 0 4 0 0 0 0 0 0 0 0 0 0 0 0 0 0 0 0 0 0 0 0 0 0 0 0 0 1 0 0]
 [0 0 0 2 0 0 0 0 0 0 0 0 0 1 0 0 0 0 0 0 0 1 0 0 0 0 1 0 0 0 0]
 [0 0 0 0 3 0 0 0 0 0 0 0 0 1 0 0 0 0 0 1 0 0 0 0 1 0 0 0 0 0 0]
 [0 0 0 0 0 5 0 0 0 0 0 0 0 0 0 1 0 0 0 0 0 0 0 0 0 0 0 0 0 0 0]
 [0 0 0 0 0 1 3 1 0 0 0 0 0 0 0 0 0 0 0 0 0 0 0 0 0 0 0 0 0 0 0]
 [0 4 0 0 1 0 0 2 1 1 0 0 0 0 1 0 0 0 0 1 0 0 0 0 0 0 1 0 0 0 0]
 [0 0 0 1 0 0 1 0 1 0 0 0 0 0 0 0 0 0 0 1 0 0 0 0 0 0 0 0 0 0 0]
 [0 0 0 0 0 0 0 1 0 5 0 0 0 0 0 0 0 0 0 0 0 0 0 0 0 0 0 0 0 0 0]
 [0 0 0 0 0 0 0 0 0 0 3 0 0 0 1 0 0 0 0 0 0 0 0 0 0 0 0 0 0 0 0]
 [0 0 0 0 0 0 0 0 1 0 0 7 0 0 0 0 0 0 0 0 0 0 0 0 0 0 0 0 0 0 0]
 [0 0 0 0 0 0 0 0 0 0 0 0 8 0 0 0 0 0 0 0 0 0 0 0 0 0 0 0 0 0 0]
 [0 0 0 0 0 0 0 0 0 0 0 0 0 3 0 0 0 0 0 0 1 0 1 1 0 0 0 0 0 0 0]
 [0 0 0 0 0 0 0 1 1 0 0 0 0 0 3 0 0 0 0 0 0 1 0 0 0 0 0 0 0 0 0]
 [0 1 0 0 0 0 0 1 0 0 0 0 0 0 0 8 0 0 0 0 0 0 0 0 0 0 0 0 0 0 0]
 [0 0 0 0 0 0 0 0 0 0 0 0 0 0 0 0 2 0 0 0 0 0 0 0 0 0 0 0 0 0 0]
 [0 1 0 0 0 0 0 0 0 0 0 0 0 0 0 0 0 2 0 0 0 0 0 0 1 0 0 0 0 0 0]
 [0 0 0 0 0 0 0 0 0 0 0 0 0 0 0 1 0 0 4 0 0 0 0 0 0 0 0 0 0 0 0]
 [0 0 0 1 0 0 0 0 1 0 0 0 0 0 0 0 0 0 0 3 0 0 0 0 0 0 0 0 0 0 0]
 [0 0 0 0 0 0 0 0 0 0 0 0 0 0 0 0 0 0 0 0 5 0 0 1 0 0 0 0 0 0 0]
 [0 0 0 1 0 0 0 0 0 0 0 0 0 0 1 0 0 0 0 1 0 2 0 0 0 0 1 0 1 0 0]
 [0 0 0 2 0 0 0 1 0 0 0 0 0 0 0 0 0 0 0 0 0 0 5 0 0 0 0 0 1 0 0]
 [1 0 0 0 0 0 0 0 0 0 0 0 0 1 0 0 0 0 0 0 2 0 0 4 0 0 0 0 0 0 0]
 [0 0 1 0 0 0 0 0 1 0 0 0 0 0 0 0 0 0 0 0 0 0 0 0 2 0 0 0 0 0 0]
 [0 0 0 0 0 0 0 0 0 0 0 0 0 0 0 0 0 0 0 0 0 0 0 0 0 5 0 0 0 0 1]
 [0 0 0 0 0 0 0 0 0 0 0 0 0 0 0 0 0 0 0 0 0 0 1 1 0 0 5 0 0 0 0]
 [0 0 0 0 0 0 0 0 0 0 0 0 0 0 0 0 0 0 0 0 0 0 0 0 0 0 0 8 0 0 0]
 [1 0 0 0 0 0 0 0 0 0 0 0 0 0 0 0 0 0 0 0 0 0 0 0 0 0 1 0 2 0 0]
 [0 0 0 0 0 0 0 0 0 0 0 0 0 0 0 1 0 0 0 0 0 0 0 0 0 0 0 0 0 1 0]
 [0 0 0 0 0 0 0 0 0 0 0 0 0 0 0 0 0 0 0 0 0 0 0 0 0 0 1 0 0 0 4]]
The SVC model: The test set score using MinMax:
 0.629032258065
The SVC model: The best cross validation score using MinMax:
 0.612903225806
The SVC model: The best parameters with selected using MinMax:
 {'svm__C': 0.01, 'svm__gamma': 1, 'svm__kernel': 'poly'}
The SVC model: the classification Report using MinMax:
              precision    recall  f1-score   support

    10_User       1.00      0.50      0.67         8
    11_User       0.33      0.80      0.47         5
    12_User       0.83      1.00      0.91         5
    13_User       0.22      0.40      0.29         5
    14_User       0.60      0.50      0.55         6
    15_User       0.86      1.00      0.92         6
    17_User       1.00      0.40      0.57         5
    18_User       0.38      0.25      0.30        12
    19_User       0.20      0.25      0.22         4
     1_User       0.67      0.67      0.67         6
    20_User       0.60      0.75      0.67         4
    21_User       0.78      0.88      0.82         8
    22_User       1.00      0.88      0.93         8
    23_User       0.50      0.67      0.57         6
    24_User       0.25      0.33      0.29         6
    25_User       0.88      0.70      0.78        10
    26_User       1.00      1.00      1.00         2
    27_User       1.00      0.25      0.40         4
    28_User       1.00      1.00      1.00         5
    29_User       0.29      0.40      0.33         5
     2_User       0.62      0.83      0.71         6
    30_User       0.71      0.71      0.71         7
    31_User       0.75      0.33      0.46         9
    32_User       0.67      0.50      0.57         8
     3_User       0.33      0.50      0.40         4
     4_User       1.00      1.00      1.00         6
     5_User       0.62      0.71      0.67         7
     6_User       1.00      1.00      1.00         8
     7_User       1.00      0.50      0.67         4
     8_User       0.00      0.00      0.00         2
     9_User       0.60      0.60      0.60         5

avg / total       0.69      0.63      0.63       186

The SVC model: the confusion svc metrics using MinMax:
[[4 3 0 0 0 0 0 0 0 0 0 0 0 0 0 0 0 0 0 0 0 0 0 0 0 0 0 0 0 1 0]
 [0 4 0 0 0 0 0 0 0 1 0 0 0 0 0 0 0 0 0 0 0 0 0 0 0 0 0 0 0 0 0]
 [0 0 5 0 0 0 0 0 0 0 0 0 0 0 0 0 0 0 0 0 0 0 0 0 0 0 0 0 0 0 0]
 [0 0 0 2 0 0 0 0 0 0 0 0 0 1 0 0 0 0 0 0 0 1 0 0 0 0 1 0 0 0 0]
 [0 0 0 0 3 0 0 0 0 0 0 0 0 1 0 0 0 0 0 1 0 0 0 0 1 0 0 0 0 0 0]
 [0 0 0 0 0 6 0 0 0 0 0 0 0 0 0 0 0 0 0 0 0 0 0 0 0 0 0 0 0 0 0]
 [0 0 0 0 0 0 2 0 0 0 0 1 0 0 0 0 0 0 0 1 0 0 0 0 1 0 0 0 0 0 0]
 [0 2 0 0 1 0 0 3 0 0 0 0 0 0 1 0 0 0 0 1 0 1 1 0 1 0 0 0 0 1 0]
 [0 0 0 1 0 0 0 0 1 0 0 0 0 0 1 0 0 0 0 1 0 0 0 0 0 0 0 0 0 0 0]
 [0 0 0 0 1 0 0 0 0 4 0 0 0 0 0 0 0 0 0 0 0 0 0 0 0 0 0 0 0 0 1]
 [0 0 0 0 0 0 0 0 0 0 3 0 0 0 1 0 0 0 0 0 0 0 0 0 0 0 0 0 0 0 0]
 [0 0 0 0 0 0 0 0 1 0 0 7 0 0 0 0 0 0 0 0 0 0 0 0 0 0 0 0 0 0 0]
 [0 0 0 0 0 0 0 0 0 0 0 0 7 0 0 0 0 0 0 0 0 0 0 0 0 0 0 0 0 0 1]
 [0 0 0 0 0 0 0 0 0 0 0 0 0 4 0 0 0 0 0 0 1 0 0 0 0 0 1 0 0 0 0]
 [0 0 0 1 0 0 0 1 2 0 0 0 0 0 2 0 0 0 0 0 0 0 0 0 0 0 0 0 0 0 0]
 [0 1 0 0 0 0 0 0 0 0 0 0 0 0 2 7 0 0 0 0 0 0 0 0 0 0 0 0 0 0 0]
 [0 0 0 0 0 0 0 0 0 0 0 0 0 0 0 0 2 0 0 0 0 0 0 0 0 0 0 0 0 0 0]
 [0 2 0 0 0 0 0 0 0 0 0 0 0 0 0 0 0 1 0 0 0 0 0 0 1 0 0 0 0 0 0]
 [0 0 0 0 0 0 0 0 0 0 0 0 0 0 0 0 0 0 5 0 0 0 0 0 0 0 0 0 0 0 0]
 [0 0 0 2 0 0 0 0 1 0 0 0 0 0 0 0 0 0 0 2 0 0 0 0 0 0 0 0 0 0 0]
 [0 0 0 0 0 0 0 0 0 0 0 0 0 0 0 0 0 0 0 0 5 0 0 1 0 0 0 0 0 0 0]
 [0 0 0 0 0 0 0 2 0 0 0 0 0 0 0 0 0 0 0 0 0 5 0 0 0 0 0 0 0 0 0]
 [0 0 0 2 0 1 0 1 0 0 0 1 0 1 0 0 0 0 0 0 0 0 3 0 0 0 0 0 0 0 0]
 [0 0 0 0 0 0 0 0 0 0 1 0 0 1 0 0 0 0 0 0 2 0 0 4 0 0 0 0 0 0 0]
 [0 0 1 0 0 0 0 1 0 0 0 0 0 0 0 0 0 0 0 0 0 0 0 0 2 0 0 0 0 0 0]
 [0 0 0 0 0 0 0 0 0 0 0 0 0 0 0 0 0 0 0 0 0 0 0 0 0 6 0 0 0 0 0]
 [0 0 0 0 0 0 0 0 0 0 0 0 0 0 1 0 0 0 0 1 0 0 0 0 0 0 5 0 0 0 0]
 [0 0 0 0 0 0 0 0 0 0 0 0 0 0 0 0 0 0 0 0 0 0 0 0 0 0 0 8 0 0 0]
 [0 0 0 1 0 0 0 0 0 1 0 0 0 0 0 0 0 0 0 0 0 0 0 0 0 0 0 0 2 0 0]
 [0 0 0 0 0 0 0 0 0 0 1 0 0 0 0 1 0 0 0 0 0 0 0 0 0 0 0 0 0 0 0]
 [0 0 0 0 0 0 0 0 0 0 0 0 0 0 0 0 0 0 0 0 0 0 0 1 0 0 1 0 0 0 3]]
The SVC model: The test set score using MinMax:
 0.596774193548
The SVC model: The best cross validation score using MinMax:
 0.626344086022
The SVC model: The best parameters with selected using MinMax:
 {'svm__C': 100, 'svm__gamma': 1, 'svm__kernel': 'rbf'}
The SVC model: the classification Report using MinMax:
              precision    recall  f1-score   support

    10_User       1.00      0.60      0.75        10
    11_User       0.80      0.89      0.84         9
    12_User       0.75      1.00      0.86         3
    13_User       0.53      0.89      0.67         9
    14_User       0.33      0.50      0.40         4
    15_User       0.50      0.80      0.62         5
    17_User       0.78      0.78      0.78         9
    18_User       0.67      0.33      0.44         6
    19_User       0.20      0.33      0.25         3
     1_User       0.33      0.29      0.31         7
    20_User       0.88      1.00      0.93         7
    21_User       0.40      0.33      0.36         6
    22_User       0.86      0.86      0.86         7
    23_User       0.67      0.89      0.76         9
    24_User       0.30      0.38      0.33         8
    25_User       0.00      0.00      0.00         2
    26_User       0.67      0.80      0.73         5
    27_User       1.00      1.00      1.00         3
    28_User       1.00      0.33      0.50         3
    29_User       0.33      0.29      0.31         7
     2_User       0.43      0.50      0.46         6
    30_User       0.71      0.71      0.71         7
    31_User       0.75      0.33      0.46         9
    32_User       0.67      0.33      0.44         6
     3_User       1.00      0.57      0.73         7
     4_User       0.00      0.00      0.00         5
     5_User       0.80      0.50      0.62         8
     6_User       0.80      0.80      0.80         5
     7_User       0.44      0.80      0.57         5
     8_User       0.20      0.25      0.22         4
     9_User       0.67      1.00      0.80         2

avg / total       0.63      0.60      0.59       186

The SVC model: the confusion svc metrics using MinMax:
[[6 0 0 0 0 0 0 0 0 0 0 0 0 0 0 0 0 0 0 0 0 0 0 0 0 0 0 0 0 4 0]
 [0 8 0 0 0 0 0 0 0 0 0 0 0 0 0 0 0 0 0 0 0 0 0 0 0 0 0 0 1 0 0]
 [0 0 3 0 0 0 0 0 0 0 0 0 0 0 0 0 0 0 0 0 0 0 0 0 0 0 0 0 0 0 0]
 [0 0 0 8 0 0 0 0 0 0 0 0 0 0 0 0 0 0 0 1 0 0 0 0 0 0 0 0 0 0 0]
 [0 0 0 0 2 0 0 0 1 0 0 0 0 0 0 0 0 0 0 0 0 1 0 0 0 0 0 0 0 0 0]
 [0 0 0 0 0 4 0 0 0 0 0 0 0 0 0 0 0 0 0 0 0 0 1 0 0 0 0 0 0 0 0]
 [0 0 0 1 0 0 7 0 0 0 0 0 0 0 0 0 0 0 0 0 0 0 0 0 0 0 0 0 1 0 0]
 [0 0 0 0 0 0 0 2 1 0 0 0 0 0 1 0 0 0 0 1 0 0 0 0 0 0 1 0 0 0 0]
 [0 0 0 1 0 0 1 0 1 0 0 0 0 0 0 0 0 0 0 0 0 0 0 0 0 0 0 0 0 0 0]
 [0 1 0 0 0 0 1 0 0 2 0 0 0 0 1 1 0 0 0 0 0 1 0 0 0 0 0 0 0 0 0]
 [0 0 0 0 0 0 0 0 0 0 7 0 0 0 0 0 0 0 0 0 0 0 0 0 0 0 0 0 0 0 0]
 [0 0 0 0 0 0 0 0 1 0 0 2 0 0 2 0 0 0 0 0 0 0 0 0 0 0 0 0 1 0 0]
 [0 0 0 0 0 0 0 0 0 0 0 0 6 0 0 0 0 0 0 0 0 0 0 0 0 0 0 1 0 0 0]
 [0 0 0 0 0 0 0 0 0 0 0 0 0 8 0 0 0 0 0 0 1 0 0 0 0 0 0 0 0 0 0]
 [0 0 0 0 1 0 0 0 1 2 0 0 0 0 3 0 0 0 0 1 0 0 0 0 0 0 0 0 0 0 0]
 [0 0 0 0 0 2 0 0 0 0 0 0 0 0 0 0 0 0 0 0 0 0 0 0 0 0 0 0 0 0 0]
 [0 0 0 0 0 0 0 0 0 0 0 1 0 0 0 0 4 0 0 0 0 0 0 0 0 0 0 0 0 0 0]
 [0 0 0 0 0 0 0 0 0 0 0 0 0 0 0 0 0 3 0 0 0 0 0 0 0 0 0 0 0 0 0]
 [0 0 0 0 0 1 0 0 0 0 0 0 0 0 0 1 0 0 1 0 0 0 0 0 0 0 0 0 0 0 0]
 [0 1 0 0 0 0 0 1 0 0 1 1 0 0 1 0 0 0 0 2 0 0 0 0 0 0 0 0 0 0 0]
 [0 0 0 0 0 0 0 0 0 0 0 0 0 3 0 0 0 0 0 0 3 0 0 0 0 0 0 0 0 0 0]
 [0 0 0 0 1 0 0 0 0 1 0 0 0 0 0 0 0 0 0 0 0 5 0 0 0 0 0 0 0 0 0]
 [0 0 0 2 0 1 0 0 0 0 0 1 0 0 1 0 0 0 0 1 0 0 3 0 0 0 0 0 0 0 0]
 [0 0 0 0 0 0 0 0 0 0 0 0 0 1 0 0 0 0 0 0 3 0 0 2 0 0 0 0 0 0 0]
 [0 0 1 0 0 0 0 0 0 0 0 0 0 0 0 0 0 0 0 0 0 0 0 1 4 0 0 0 1 0 0]
 [0 0 0 0 2 0 0 0 0 1 0 0 0 0 1 0 0 0 0 0 0 0 0 0 0 0 0 0 0 0 1]
 [0 0 0 3 0 0 0 0 0 0 0 0 0 0 0 0 0 0 0 0 0 0 0 0 0 0 4 0 1 0 0]
 [0 0 0 0 0 0 0 0 0 0 0 0 1 0 0 0 0 0 0 0 0 0 0 0 0 0 0 4 0 0 0]
 [0 0 0 0 0 0 0 0 0 0 0 0 0 0 0 0 1 0 0 0 0 0 0 0 0 0 0 0 4 0 0]
 [0 0 0 0 0 0 0 0 0 0 0 0 0 0 0 2 1 0 0 0 0 0 0 0 0 0 0 0 0 1 0]
 [0 0 0 0 0 0 0 0 0 0 0 0 0 0 0 0 0 0 0 0 0 0 0 0 0 0 0 0 0 0 2]]
The SVC model: The test set score using MinMax:
 0.596774193548
The SVC model: The best cross validation score using MinMax:
 0.633064516129
The SVC model: The best parameters with selected using MinMax:
 {'svm__C': 100, 'svm__gamma': 1, 'svm__kernel': 'rbf'}
The SVC model: the classification Report using MinMax:
              precision    recall  f1-score   support

    10_User       1.00      0.90      0.95        10
    11_User       0.78      0.78      0.78         9
    12_User       0.75      1.00      0.86         3
    13_User       0.58      0.78      0.67         9
    14_User       0.14      0.25      0.18         4
    15_User       0.40      0.80      0.53         5
    17_User       0.86      0.67      0.75         9
    18_User       0.33      0.50      0.40         6
    19_User       0.25      0.33      0.29         3
     1_User       0.17      0.14      0.15         7
    20_User       0.78      1.00      0.88         7
    21_User       0.67      0.67      0.67         6
    22_User       0.88      1.00      0.93         7
    23_User       0.60      0.67      0.63         9
    24_User       0.44      0.50      0.47         8
    25_User       0.00      0.00      0.00         2
    26_User       0.80      0.80      0.80         5
    27_User       1.00      1.00      1.00         3
    28_User       1.00      0.67      0.80         3
    29_User       0.40      0.29      0.33         7
     2_User       0.43      0.50      0.46         6
    30_User       0.57      0.57      0.57         7
    31_User       0.50      0.22      0.31         9
    32_User       0.75      0.50      0.60         6
     3_User       1.00      0.43      0.60         7
     4_User       0.00      0.00      0.00         5
     5_User       0.80      0.50      0.62         8
     6_User       1.00      0.80      0.89         5
     7_User       0.36      0.80      0.50         5
     8_User       0.50      0.25      0.33         4
     9_User       1.00      1.00      1.00         2

avg / total       0.62      0.60      0.59       186

The SVC model: the confusion svc metrics using MinMax:
[[9 0 0 0 0 0 0 0 0 0 0 0 0 0 0 0 0 0 0 0 0 0 0 0 0 0 0 0 0 1 0]
 [0 7 0 0 0 0 0 2 0 0 0 0 0 0 0 0 0 0 0 0 0 0 0 0 0 0 0 0 0 0 0]
 [0 0 3 0 0 0 0 0 0 0 0 0 0 0 0 0 0 0 0 0 0 0 0 0 0 0 0 0 0 0 0]
 [0 0 0 7 0 0 0 0 1 0 0 0 0 0 0 0 0 0 0 1 0 0 0 0 0 0 0 0 0 0 0]
 [0 0 0 0 1 0 0 0 0 0 0 1 0 0 1 0 0 0 0 0 0 1 0 0 0 0 0 0 0 0 0]
 [0 0 0 0 0 4 0 0 0 0 0 0 0 0 0 0 0 0 0 0 0 0 1 0 0 0 0 0 0 0 0]
 [0 0 0 1 0 0 6 0 0 0 0 0 0 0 0 0 0 0 0 0 0 0 0 0 0 0 0 0 2 0 0]
 [0 0 0 0 0 0 0 3 0 0 0 0 0 0 1 0 0 0 0 2 0 0 0 0 0 0 0 0 0 0 0]
 [0 0 0 0 0 1 0 0 1 0 0 0 0 0 0 0 0 0 0 0 0 0 1 0 0 0 0 0 0 0 0]
 [0 1 0 0 1 0 1 0 0 1 0 0 0 0 1 1 0 0 0 0 0 1 0 0 0 0 0 0 0 0 0]
 [0 0 0 0 0 0 0 0 0 0 7 0 0 0 0 0 0 0 0 0 0 0 0 0 0 0 0 0 0 0 0]
 [0 0 0 0 0 0 0 0 0 1 0 4 0 0 0 0 0 0 0 0 0 0 0 0 0 0 0 0 1 0 0]
 [0 0 0 0 0 0 0 0 0 0 0 0 7 0 0 0 0 0 0 0 0 0 0 0 0 0 0 0 0 0 0]
 [0 0 0 0 0 0 0 0 0 0 0 0 0 6 0 0 0 0 0 0 3 0 0 0 0 0 0 0 0 0 0]
 [0 0 0 0 1 0 0 0 2 1 0 0 0 0 4 0 0 0 0 0 0 0 0 0 0 0 0 0 0 0 0]
 [0 0 0 0 0 2 0 0 0 0 0 0 0 0 0 0 0 0 0 0 0 0 0 0 0 0 0 0 0 0 0]
 [0 0 0 0 0 0 0 0 0 0 0 0 0 0 0 0 4 0 0 0 0 0 0 0 0 0 0 0 1 0 0]
 [0 0 0 0 0 0 0 0 0 0 0 0 0 0 0 0 0 3 0 0 0 0 0 0 0 0 0 0 0 0 0]
 [0 0 0 0 0 1 0 0 0 0 0 0 0 0 0 0 0 0 2 0 0 0 0 0 0 0 0 0 0 0 0]
 [0 0 0 0 0 0 0 1 0 0 2 1 0 0 1 0 0 0 0 2 0 0 0 0 0 0 0 0 0 0 0]
 [0 0 0 0 0 0 0 0 0 0 0 0 0 3 0 0 0 0 0 0 3 0 0 0 0 0 0 0 0 0 0]
 [0 0 0 0 1 0 0 0 0 1 0 0 0 0 0 0 0 0 0 0 0 4 0 0 0 0 0 0 1 0 0]
 [0 0 0 2 0 2 0 1 0 0 0 0 0 0 1 0 0 0 0 0 0 1 2 0 0 0 0 0 0 0 0]
 [0 0 0 0 0 0 0 0 0 0 0 0 0 1 0 0 0 0 0 0 1 0 0 3 0 0 1 0 0 0 0]
 [0 1 1 0 0 0 0 1 0 0 0 0 0 0 0 0 0 0 0 0 0 0 0 0 3 0 0 0 1 0 0]
 [0 0 0 0 3 0 0 0 0 2 0 0 0 0 0 0 0 0 0 0 0 0 0 0 0 0 0 0 0 0 0]
 [0 0 0 2 0 0 0 0 0 0 0 0 0 0 0 0 0 0 0 0 0 0 0 1 0 0 4 0 1 0 0]
 [0 0 0 0 0 0 0 0 0 0 0 0 1 0 0 0 0 0 0 0 0 0 0 0 0 0 0 4 0 0 0]
 [0 0 0 0 0 0 0 1 0 0 0 0 0 0 0 0 0 0 0 0 0 0 0 0 0 0 0 0 4 0 0]
 [0 0 0 0 0 0 0 0 0 0 0 0 0 0 0 2 1 0 0 0 0 0 0 0 0 0 0 0 0 1 0]
 [0 0 0 0 0 0 0 0 0 0 0 0 0 0 0 0 0 0 0 0 0 0 0 0 0 0 0 0 0 0 2]]
The SVC model: The test set score using MinMax:
 0.586021505376
The SVC model: The best cross validation score using MinMax:
 0.658602150538
The SVC model: The best parameters with selected using MinMax:
 {'svm__C': 100, 'svm__gamma': 1, 'svm__kernel': 'rbf'}
The SVC model: the classification Report using MinMax:
              precision    recall  f1-score   support

    10_User       0.83      1.00      0.91        10
    11_User       0.78      0.78      0.78         9
    12_User       0.60      1.00      0.75         3
    13_User       0.64      0.78      0.70         9
    14_User       0.25      0.50      0.33         4
    15_User       0.44      0.80      0.57         5
    17_User       0.71      0.56      0.63         9
    18_User       0.38      0.50      0.43         6
    19_User       0.33      0.33      0.33         3
     1_User       0.25      0.14      0.18         7
    20_User       0.78      1.00      0.88         7
    21_User       0.56      0.83      0.67         6
    22_User       0.86      0.86      0.86         7
    23_User       0.55      0.67      0.60         9
    24_User       0.67      0.50      0.57         8
    25_User       0.00      0.00      0.00         2
    26_User       0.67      0.80      0.73         5
    27_User       1.00      0.67      0.80         3
    28_User       1.00      0.33      0.50         3
    29_User       0.67      0.57      0.62         7
     2_User       0.43      0.50      0.46         6
    30_User       0.50      0.43      0.46         7
    31_User       0.60      0.33      0.43         9
    32_User       0.50      0.33      0.40         6
     3_User       1.00      0.29      0.44         7
     4_User       0.00      0.00      0.00         5
     5_User       0.57      0.50      0.53         8
     6_User       0.80      0.80      0.80         5
     7_User       0.33      0.60      0.43         5
     8_User       1.00      0.25      0.40         4
     9_User       0.50      1.00      0.67         2

avg / total       0.61      0.59      0.57       186

The SVC model: the confusion svc metrics using MinMax:
[[10  0  0  0  0  0  0  0  0  0  0  0  0  0  0  0  0  0  0  0  0  0  0  0
   0  0  0  0  0  0  0]
 [ 0  7  0  0  0  0  0  2  0  0  0  0  0  0  0  0  0  0  0  0  0  0  0  0
   0  0  0  0  0  0  0]
 [ 0  0  3  0  0  0  0  0  0  0  0  0  0  0  0  0  0  0  0  0  0  0  0  0
   0  0  0  0  0  0  0]
 [ 0  0  0  7  1  0  0  0  0  0  0  0  0  0  0  0  0  0  0  0  0  0  0  0
   0  0  1  0  0  0  0]
 [ 0  0  0  0  2  0  0  0  0  0  0  1  0  0  1  0  0  0  0  0  0  0  0  0
   0  0  0  0  0  0  0]
 [ 0  0  0  0  0  4  0  0  0  0  0  0  0  0  0  0  0  0  0  0  0  0  1  0
   0  0  0  0  0  0  0]
 [ 0  0  1  1  0  0  5  0  0  0  0  0  0  0  0  0  0  0  0  0  0  0  0  0
   0  0  0  0  2  0  0]
 [ 0  0  0  0  0  0  0  3  0  0  0  0  0  1  1  0  0  0  0  1  0  0  0  0
   0  0  0  0  0  0  0]
 [ 0  0  0  0  0  1  0  0  1  0  0  0  0  0  0  0  0  0  0  0  0  0  1  0
   0  0  0  0  0  0  0]
 [ 0  1  0  0  1  0  1  0  0  1  1  0  0  0  0  1  0  0  0  0  0  1  0  0
   0  0  0  0  0  0  0]
 [ 0  0  0  0  0  0  0  0  0  0  7  0  0  0  0  0  0  0  0  0  0  0  0  0
   0  0  0  0  0  0  0]
 [ 0  0  0  0  0  0  0  0  0  0  0  5  0  0  0  0  0  0  0  0  0  0  0  0
   0  0  0  0  1  0  0]
 [ 0  0  0  0  0  0  0  0  0  0  0  0  6  0  0  0  0  0  0  0  0  0  0  0
   0  0  0  1  0  0  0]
 [ 0  0  0  0  0  0  0  0  0  0  0  0  0  6  0  0  0  0  0  0  3  0  0  0
   0  0  0  0  0  0  0]
 [ 0  0  0  0  1  0  0  0  1  1  0  0  0  0  4  0  0  0  0  1  0  0  0  0
   0  0  0  0  0  0  0]
 [ 0  0  0  0  0  2  0  0  0  0  0  0  0  0  0  0  0  0  0  0  0  0  0  0
   0  0  0  0  0  0  0]
 [ 0  0  0  0  0  0  0  0  0  0  0  1  0  0  0  0  4  0  0  0  0  0  0  0
   0  0  0  0  0  0  0]
 [ 0  0  0  0  0  0  1  0  0  0  0  0  0  0  0  0  0  2  0  0  0  0  0  0
   0  0  0  0  0  0  0]
 [ 2  0  0  0  0  0  0  0  0  0  0  0  0  0  0  0  0  0  1  0  0  0  0  0
   0  0  0  0  0  0  0]
 [ 0  0  0  0  0  0  0  1  0  0  1  1  0  0  0  0  0  0  0  4  0  0  0  0
   0  0  0  0  0  0  0]
 [ 0  0  0  0  0  0  0  0  0  0  0  0  0  2  0  0  0  0  0  0  3  0  0  1
   0  0  0  0  0  0  0]
 [ 0  0  0  0  1  0  0  1  0  1  0  0  0  0  0  0  0  0  0  0  0  3  0  0
   0  0  0  0  1  0  0]
 [ 0  0  0  1  0  2  0  0  0  0  0  1  0  0  0  0  0  0  0  0  0  1  3  0
   0  0  1  0  0  0  0]
 [ 0  0  0  0  0  0  0  0  0  0  0  0  0  2  0  0  0  0  0  0  1  0  0  2
   0  0  1  0  0  0  0]
 [ 0  1  1  0  0  0  0  0  0  1  0  0  0  0  0  0  0  0  0  0  0  1  0  0
   2  0  0  0  1  0  0]
 [ 0  0  0  0  2  0  0  0  1  0  0  0  0  0  0  0  0  0  0  0  0  0  0  0
   0  0  0  0  0  0  2]
 [ 0  0  0  2  0  0  0  0  0  0  0  0  0  0  0  0  0  0  0  0  0  0  0  1
   0  0  4  0  1  0  0]
 [ 0  0  0  0  0  0  0  0  0  0  0  0  1  0  0  0  0  0  0  0  0  0  0  0
   0  0  0  4  0  0  0]
 [ 0  0  0  0  0  0  0  1  0  0  0  0  0  0  0  0  1  0  0  0  0  0  0  0
   0  0  0  0  3  0  0]
 [ 0  0  0  0  0  0  0  0  0  0  0  0  0  0  0  2  1  0  0  0  0  0  0  0
   0  0  0  0  0  1  0]
 [ 0  0  0  0  0  0  0  0  0  0  0  0  0  0  0  0  0  0  0  0  0  0  0  0
   0  0  0  0  0  0  2]]
The SVC model: The test set score using MinMax:
 0.612903225806
The SVC model: The best cross validation score using MinMax:
 0.67876344086
The SVC model: The best parameters with selected using MinMax:
 {'svm__C': 10, 'svm__gamma': 1, 'svm__kernel': 'rbf'}
The SVC model: the classification Report using MinMax:
              precision    recall  f1-score   support

    10_User       0.89      0.80      0.84        10
    11_User       0.70      0.78      0.74         9
    12_User       0.75      1.00      0.86         3
    13_User       0.60      0.67      0.63         9
    14_User       0.38      0.75      0.50         4
    15_User       0.50      0.80      0.62         5
    17_User       0.70      0.78      0.74         9
    18_User       0.50      0.17      0.25         6
    19_User       0.20      0.33      0.25         3
     1_User       0.00      0.00      0.00         7
    20_User       0.75      0.86      0.80         7
    21_User       0.50      1.00      0.67         6
    22_User       0.86      0.86      0.86         7
    23_User       1.00      0.78      0.88         9
    24_User       0.20      0.12      0.15         8
    25_User       0.25      0.50      0.33         2
    26_User       0.67      0.80      0.73         5
    27_User       0.50      0.67      0.57         3
    28_User       1.00      0.67      0.80         3
    29_User       0.50      0.71      0.59         7
     2_User       0.57      0.67      0.62         6
    30_User       0.67      0.29      0.40         7
    31_User       0.60      0.33      0.43         9
    32_User       0.43      0.50      0.46         6
     3_User       1.00      0.43      0.60         7
     4_User       1.00      0.40      0.57         5
     5_User       0.67      0.50      0.57         8
     6_User       0.80      0.80      0.80         5
     7_User       0.56      1.00      0.71         5
     8_User       0.50      0.50      0.50         4
     9_User       0.67      1.00      0.80         2

avg / total       0.63      0.61      0.59       186

The SVC model: the confusion svc metrics using MinMax:
[[8 1 0 0 0 0 0 0 0 0 0 0 0 0 0 0 0 0 0 0 0 0 0 0 0 0 0 0 0 1 0]
 [0 7 0 0 0 0 0 1 0 0 0 0 0 0 0 0 0 0 0 0 0 0 0 0 0 0 0 0 0 1 0]
 [0 0 3 0 0 0 0 0 0 0 0 0 0 0 0 0 0 0 0 0 0 0 0 0 0 0 0 0 0 0 0]
 [0 0 0 6 0 0 0 0 0 0 0 1 0 0 0 0 0 0 0 1 0 1 0 0 0 0 0 0 0 0 0]
 [0 0 0 0 3 0 0 0 1 0 0 0 0 0 0 0 0 0 0 0 0 0 0 0 0 0 0 0 0 0 0]
 [0 0 0 0 0 4 0 0 0 0 0 0 0 0 0 0 0 0 0 0 0 0 1 0 0 0 0 0 0 0 0]
 [0 0 0 1 0 0 7 0 0 0 0 0 0 0 0 0 0 0 0 0 0 0 0 0 0 0 0 0 1 0 0]
 [0 0 0 0 0 0 0 1 0 1 0 0 0 0 3 0 0 0 0 1 0 0 0 0 0 0 0 0 0 0 0]
 [0 0 0 0 0 0 0 0 1 0 0 1 0 0 0 0 0 0 0 0 0 0 1 0 0 0 0 0 0 0 0]
 [0 2 0 0 1 0 1 0 0 0 1 1 0 0 0 1 0 0 0 0 0 0 0 0 0 0 0 0 0 0 0]
 [0 0 0 0 0 0 0 0 0 0 6 0 0 0 0 1 0 0 0 0 0 0 0 0 0 0 0 0 0 0 0]
 [0 0 0 0 0 0 0 0 0 0 0 6 0 0 0 0 0 0 0 0 0 0 0 0 0 0 0 0 0 0 0]
 [0 0 0 0 0 0 0 0 0 0 0 0 6 0 0 0 0 0 0 0 0 0 0 0 0 0 0 1 0 0 0]
 [0 0 0 0 0 0 0 0 0 0 0 0 0 7 0 0 0 1 0 0 0 0 0 1 0 0 0 0 0 0 0]
 [0 0 0 1 3 0 0 0 2 0 0 0 0 0 1 0 0 0 0 0 0 0 0 0 0 0 1 0 0 0 0]
 [0 0 0 0 0 1 0 0 0 0 0 0 0 0 0 1 0 0 0 0 0 0 0 0 0 0 0 0 0 0 0]
 [0 0 0 0 0 0 0 0 0 0 0 1 0 0 0 0 4 0 0 0 0 0 0 0 0 0 0 0 0 0 0]
 [0 0 0 0 0 0 1 0 0 0 0 0 0 0 0 0 0 2 0 0 0 0 0 0 0 0 0 0 0 0 0]
 [0 0 0 0 0 1 0 0 0 0 0 0 0 0 0 0 0 0 2 0 0 0 0 0 0 0 0 0 0 0 0]
 [0 0 0 0 0 0 0 0 1 0 1 0 0 0 0 0 0 0 0 5 0 0 0 0 0 0 0 0 0 0 0]
 [0 0 0 0 0 0 0 0 0 0 0 0 0 0 0 0 0 0 0 0 4 0 0 2 0 0 0 0 0 0 0]
 [0 0 0 0 0 0 1 0 0 0 0 1 0 0 0 0 0 0 0 2 0 2 0 0 0 0 0 0 1 0 0]
 [1 0 0 1 0 2 0 0 0 0 0 1 0 0 0 0 0 0 0 1 0 0 3 0 0 0 0 0 0 0 0]
 [0 0 0 0 0 0 0 0 0 0 0 0 0 0 0 0 0 0 0 0 2 0 0 3 0 0 1 0 0 0 0]
 [0 0 1 0 0 0 0 0 0 0 0 0 0 0 0 0 1 1 0 0 0 0 0 0 3 0 0 0 1 0 0]
 [0 0 0 0 1 0 0 0 0 0 0 0 0 0 1 0 0 0 0 0 0 0 0 0 0 2 0 0 0 0 1]
 [0 0 0 1 0 0 0 0 0 0 0 0 0 0 0 0 0 0 0 0 1 0 0 1 0 0 4 0 1 0 0]
 [0 0 0 0 0 0 0 0 0 0 0 0 1 0 0 0 0 0 0 0 0 0 0 0 0 0 0 4 0 0 0]
 [0 0 0 0 0 0 0 0 0 0 0 0 0 0 0 0 0 0 0 0 0 0 0 0 0 0 0 0 5 0 0]
 [0 0 0 0 0 0 0 0 0 0 0 0 0 0 0 1 1 0 0 0 0 0 0 0 0 0 0 0 0 2 0]
 [0 0 0 0 0 0 0 0 0 0 0 0 0 0 0 0 0 0 0 0 0 0 0 0 0 0 0 0 0 0 2]]
The SVC model: The test set score using MinMax:
 0.60752688172
The SVC model: The best cross validation score using MinMax:
 0.690860215054
The SVC model: The best parameters with selected using MinMax:
 {'svm__C': 10, 'svm__gamma': 1, 'svm__kernel': 'rbf'}
The SVC model: the classification Report using MinMax:
              precision    recall  f1-score   support

    10_User       1.00      0.80      0.89        10
    11_User       0.78      0.78      0.78         9
    12_User       0.75      1.00      0.86         3
    13_User       0.67      0.67      0.67         9
    14_User       0.40      0.50      0.44         4
    15_User       0.44      0.80      0.57         5
    17_User       0.70      0.78      0.74         9
    18_User       0.33      0.17      0.22         6
    19_User       0.14      0.33      0.20         3
     1_User       0.00      0.00      0.00         7
    20_User       0.70      1.00      0.82         7
    21_User       0.60      1.00      0.75         6
    22_User       0.86      0.86      0.86         7
    23_User       0.88      0.78      0.82         9
    24_User       0.25      0.12      0.17         8
    25_User       0.50      0.50      0.50         2
    26_User       0.60      0.60      0.60         5
    27_User       0.50      0.67      0.57         3
    28_User       1.00      0.67      0.80         3
    29_User       0.45      0.71      0.56         7
     2_User       0.75      0.50      0.60         6
    30_User       0.50      0.29      0.36         7
    31_User       0.57      0.44      0.50         9
    32_User       0.43      0.50      0.46         6
     3_User       1.00      0.43      0.60         7
     4_User       0.67      0.40      0.50         5
     5_User       0.67      0.50      0.57         8
     6_User       0.80      0.80      0.80         5
     7_User       0.56      1.00      0.71         5
     8_User       0.33      0.50      0.40         4
     9_User       0.67      1.00      0.80         2

avg / total       0.62      0.61      0.59       186

The SVC model: the confusion svc metrics using MinMax:
[[8 0 0 0 0 0 0 0 0 0 0 0 0 0 0 0 0 0 0 0 0 0 0 0 0 0 0 0 0 2 0]
 [0 7 0 0 0 0 0 0 0 1 0 0 0 0 0 0 0 0 0 0 0 0 0 0 0 0 0 0 0 1 0]
 [0 0 3 0 0 0 0 0 0 0 0 0 0 0 0 0 0 0 0 0 0 0 0 0 0 0 0 0 0 0 0]
 [0 0 0 6 0 0 0 0 0 0 0 1 0 0 0 0 0 0 0 1 0 1 0 0 0 0 0 0 0 0 0]
 [0 0 0 0 2 0 0 0 1 0 0 0 0 0 1 0 0 0 0 0 0 0 0 0 0 0 0 0 0 0 0]
 [0 0 0 0 0 4 0 0 0 0 0 0 0 0 0 0 0 0 0 0 0 0 1 0 0 0 0 0 0 0 0]
 [0 0 0 0 0 0 7 0 0 0 0 0 0 0 0 0 0 0 0 1 0 0 0 0 0 0 0 0 1 0 0]
 [0 0 0 0 0 0 0 1 2 1 0 0 0 0 1 0 0 0 0 1 0 0 0 0 0 0 0 0 0 0 0]
 [0 0 0 0 0 1 0 0 1 0 0 0 0 0 0 0 0 0 0 0 0 0 1 0 0 0 0 0 0 0 0]
 [0 2 0 0 0 0 1 0 0 0 2 1 0 0 0 0 0 0 0 0 0 0 0 0 0 1 0 0 0 0 0]
 [0 0 0 0 0 0 0 0 0 0 7 0 0 0 0 0 0 0 0 0 0 0 0 0 0 0 0 0 0 0 0]
 [0 0 0 0 0 0 0 0 0 0 0 6 0 0 0 0 0 0 0 0 0 0 0 0 0 0 0 0 0 0 0]
 [0 0 0 0 0 0 0 0 0 0 0 0 6 0 0 0 0 0 0 0 0 0 0 0 0 0 0 1 0 0 0]
 [0 0 0 0 0 0 0 0 0 0 0 0 0 7 0 0 0 1 0 0 0 0 1 0 0 0 0 0 0 0 0]
 [0 0 0 1 2 0 0 1 2 0 0 0 0 0 1 0 0 0 0 0 0 0 0 0 0 0 1 0 0 0 0]
 [0 0 0 0 0 1 0 0 0 0 0 0 0 0 0 1 0 0 0 0 0 0 0 0 0 0 0 0 0 0 0]
 [0 0 0 0 0 0 0 0 0 0 0 1 0 0 0 0 3 0 0 0 0 0 0 0 0 0 0 0 0 1 0]
 [0 0 0 0 0 0 1 0 0 0 0 0 0 0 0 0 0 2 0 0 0 0 0 0 0 0 0 0 0 0 0]
 [0 0 0 0 0 1 0 0 0 0 0 0 0 0 0 0 0 0 2 0 0 0 0 0 0 0 0 0 0 0 0]
 [0 0 0 0 0 0 0 0 1 0 1 0 0 0 0 0 0 0 0 5 0 0 0 0 0 0 0 0 0 0 0]
 [0 0 0 0 0 0 0 0 0 0 0 0 0 0 0 0 0 0 0 0 3 0 0 3 0 0 0 0 0 0 0]
 [0 0 0 0 0 0 1 0 0 0 0 1 0 0 0 0 0 0 0 2 0 2 0 0 0 0 0 0 1 0 0]
 [0 0 0 1 0 2 0 1 0 0 0 0 0 0 0 0 0 0 0 1 0 0 4 0 0 0 0 0 0 0 0]
 [0 0 0 0 0 0 0 0 0 0 0 0 0 1 0 0 0 0 0 0 1 0 0 3 0 0 1 0 0 0 0]
 [0 0 1 0 0 0 0 0 0 0 0 0 0 0 0 0 1 1 0 0 0 0 0 0 3 0 0 0 1 0 0]
 [0 0 0 0 1 0 0 0 0 0 0 0 0 0 1 0 0 0 0 0 0 0 0 0 0 2 0 0 0 0 1]
 [0 0 0 1 0 0 0 0 0 0 0 0 0 0 0 0 0 0 0 0 0 1 0 1 0 0 4 0 1 0 0]
 [0 0 0 0 0 0 0 0 0 0 0 0 1 0 0 0 0 0 0 0 0 0 0 0 0 0 0 4 0 0 0]
 [0 0 0 0 0 0 0 0 0 0 0 0 0 0 0 0 0 0 0 0 0 0 0 0 0 0 0 0 5 0 0]
 [0 0 0 0 0 0 0 0 0 0 0 0 0 0 0 1 1 0 0 0 0 0 0 0 0 0 0 0 0 2 0]
 [0 0 0 0 0 0 0 0 0 0 0 0 0 0 0 0 0 0 0 0 0 0 0 0 0 0 0 0 0 0 2]]
The SVC model: The test set score using MinMax:
 0.618279569892
The SVC model: The best cross validation score using MinMax:
 0.66935483871
The SVC model: The best parameters with selected using MinMax:
 {'svm__C': 100, 'svm__gamma': 0.1, 'svm__kernel': 'rbf'}
The SVC model: the classification Report using MinMax:
              precision    recall  f1-score   support

    10_User       0.78      0.70      0.74        10
    11_User       0.80      0.89      0.84         9
    12_User       1.00      1.00      1.00         3
    13_User       0.70      0.78      0.74         9
    14_User       0.33      0.25      0.29         4
    15_User       0.57      0.80      0.67         5
    17_User       0.57      0.44      0.50         9
    18_User       0.33      0.17      0.22         6
    19_User       0.14      0.33      0.20         3
     1_User       0.40      0.29      0.33         7
    20_User       0.70      1.00      0.82         7
    21_User       0.45      0.83      0.59         6
    22_User       1.00      0.71      0.83         7
    23_User       0.89      0.89      0.89         9
    24_User       0.33      0.25      0.29         8
    25_User       0.33      0.50      0.40         2
    26_User       0.60      0.60      0.60         5
    27_User       0.67      0.67      0.67         3
    28_User       1.00      1.00      1.00         3
    29_User       0.57      0.57      0.57         7
     2_User       1.00      0.50      0.67         6
    30_User       0.50      0.57      0.53         7
    31_User       0.80      0.44      0.57         9
    32_User       0.43      0.50      0.46         6
     3_User       0.75      0.43      0.55         7
     4_User       1.00      0.80      0.89         5
     5_User       0.57      0.50      0.53         8
     6_User       0.83      1.00      0.91         5
     7_User       0.38      0.60      0.46         5
     8_User       0.40      0.50      0.44         4
     9_User       0.67      1.00      0.80         2

avg / total       0.64      0.62      0.62       186

The SVC model: the confusion svc metrics using MinMax:
[[7 0 0 0 0 0 0 0 0 0 0 0 0 0 0 0 0 0 0 0 0 0 0 0 0 0 0 0 0 3 0]
 [0 8 0 0 0 0 0 0 0 0 0 0 0 0 0 0 0 0 0 0 0 0 0 0 1 0 0 0 0 0 0]
 [0 0 3 0 0 0 0 0 0 0 0 0 0 0 0 0 0 0 0 0 0 0 0 0 0 0 0 0 0 0 0]
 [0 0 0 7 0 0 0 0 0 0 0 1 0 0 0 0 0 0 0 0 0 1 0 0 0 0 0 0 0 0 0]
 [0 0 0 0 1 0 0 0 1 0 0 0 0 0 1 0 0 0 0 0 0 1 0 0 0 0 0 0 0 0 0]
 [0 0 0 0 0 4 0 0 1 0 0 0 0 0 0 0 0 0 0 0 0 0 0 0 0 0 0 0 0 0 0]
 [0 0 0 1 0 1 4 1 0 0 0 0 0 0 0 0 0 0 0 0 0 0 0 0 0 0 0 0 2 0 0]
 [0 0 0 0 1 0 0 1 0 1 0 0 0 0 2 1 0 0 0 0 0 0 0 0 0 0 0 0 0 0 0]
 [0 0 0 0 0 0 0 0 1 0 0 1 0 0 0 0 0 0 0 0 0 0 1 0 0 0 0 0 0 0 0]
 [0 2 0 0 1 0 1 0 0 2 0 1 0 0 0 0 0 0 0 0 0 0 0 0 0 0 0 0 0 0 0]
 [0 0 0 0 0 0 0 0 0 0 7 0 0 0 0 0 0 0 0 0 0 0 0 0 0 0 0 0 0 0 0]
 [0 0 0 0 0 0 0 0 0 0 0 5 0 0 0 0 0 0 0 0 0 0 0 0 0 0 0 0 1 0 0]
 [0 0 0 0 0 0 0 0 0 0 0 0 5 0 0 0 0 0 0 0 0 0 0 0 0 0 0 1 0 0 1]
 [0 0 0 0 0 0 0 0 0 0 0 0 0 8 0 0 0 0 0 0 0 1 0 0 0 0 0 0 0 0 0]
 [0 0 0 0 0 0 0 0 1 2 1 0 0 0 2 0 0 0 0 1 0 0 0 0 0 0 1 0 0 0 0]
 [0 0 0 0 0 1 0 0 0 0 0 0 0 0 0 1 0 0 0 0 0 0 0 0 0 0 0 0 0 0 0]
 [0 0 0 0 0 0 0 0 0 0 0 2 0 0 0 0 3 0 0 0 0 0 0 0 0 0 0 0 0 0 0]
 [0 0 0 0 0 0 1 0 0 0 0 0 0 0 0 0 0 2 0 0 0 0 0 0 0 0 0 0 0 0 0]
 [0 0 0 0 0 0 0 0 0 0 0 0 0 0 0 0 0 0 3 0 0 0 0 0 0 0 0 0 0 0 0]
 [0 0 0 0 0 0 0 1 0 0 2 0 0 0 0 0 0 0 0 4 0 0 0 0 0 0 0 0 0 0 0]
 [0 0 0 0 0 0 0 0 0 0 0 0 0 0 0 0 0 0 0 0 3 0 0 3 0 0 0 0 0 0 0]
 [0 0 0 0 0 0 0 0 1 0 0 0 0 0 0 0 0 0 0 2 0 4 0 0 0 0 0 0 0 0 0]
 [0 0 0 2 0 1 0 0 1 0 0 1 0 0 0 0 0 0 0 0 0 0 4 0 0 0 0 0 0 0 0]
 [0 0 0 0 0 0 0 0 0 0 0 0 0 1 0 0 0 0 0 0 0 0 0 3 0 0 2 0 0 0 0]
 [1 0 0 0 0 0 0 0 0 0 0 0 0 0 0 0 1 1 0 0 0 0 0 0 3 0 0 0 1 0 0]
 [0 0 0 0 0 0 0 0 0 0 0 0 0 0 1 0 0 0 0 0 0 0 0 0 0 4 0 0 0 0 0]
 [0 0 0 0 0 0 0 0 1 0 0 0 0 0 0 0 0 0 0 0 0 1 0 1 0 0 4 0 1 0 0]
 [0 0 0 0 0 0 0 0 0 0 0 0 0 0 0 0 0 0 0 0 0 0 0 0 0 0 0 5 0 0 0]
 [1 0 0 0 0 0 1 0 0 0 0 0 0 0 0 0 0 0 0 0 0 0 0 0 0 0 0 0 3 0 0]
 [0 0 0 0 0 0 0 0 0 0 0 0 0 0 0 1 1 0 0 0 0 0 0 0 0 0 0 0 0 2 0]
 [0 0 0 0 0 0 0 0 0 0 0 0 0 0 0 0 0 0 0 0 0 0 0 0 0 0 0 0 0 0 2]]
The SVC model: The test set score using MinMax:
 0.591397849462
The SVC model: The best cross validation score using MinMax:
 0.623655913978
The SVC model: The best parameters with selected using MinMax:
 {'svm__C': 100, 'svm__gamma': 0.1, 'svm__kernel': 'rbf'}
The SVC model: the classification Report using MinMax:
              precision    recall  f1-score   support

    10_User       0.78      0.70      0.74        10
    11_User       0.64      1.00      0.78         9
    12_User       0.67      0.67      0.67         3
    13_User       0.56      0.56      0.56         9
    14_User       0.40      0.50      0.44         4
    15_User       0.50      0.80      0.62         5
    17_User       0.57      0.44      0.50         9
    18_User       0.14      0.17      0.15         6
    19_User       0.00      0.00      0.00         3
     1_User       0.33      0.14      0.20         7
    20_User       0.75      0.86      0.80         7
    21_User       0.44      0.67      0.53         6
    22_User       0.71      0.71      0.71         7
    23_User       0.86      0.67      0.75         9
    24_User       0.20      0.12      0.15         8
    25_User       0.50      1.00      0.67         2
    26_User       0.50      0.80      0.62         5
    27_User       1.00      0.67      0.80         3
    28_User       1.00      1.00      1.00         3
    29_User       0.33      0.43      0.38         7
     2_User       0.80      0.67      0.73         6
    30_User       1.00      0.57      0.73         7
    31_User       0.80      0.44      0.57         9
    32_User       0.62      0.83      0.71         6
     3_User       1.00      0.43      0.60         7
     4_User       1.00      0.60      0.75         5
     5_User       0.71      0.62      0.67         8
     6_User       0.75      0.60      0.67         5
     7_User       0.50      0.80      0.62         5
     8_User       1.00      0.50      0.67         4
     9_User       0.67      1.00      0.80         2

avg / total       0.64      0.59      0.59       186

The SVC model: the confusion svc metrics using MinMax:
[[7 3 0 0 0 0 0 0 0 0 0 0 0 0 0 0 0 0 0 0 0 0 0 0 0 0 0 0 0 0 0]
 [0 9 0 0 0 0 0 0 0 0 0 0 0 0 0 0 0 0 0 0 0 0 0 0 0 0 0 0 0 0 0]
 [0 0 2 0 0 0 0 0 0 0 0 0 0 0 0 0 1 0 0 0 0 0 0 0 0 0 0 0 0 0 0]
 [0 0 0 5 0 0 0 0 0 0 0 2 0 0 0 0 0 0 0 2 0 0 0 0 0 0 0 0 0 0 0]
 [0 0 0 0 2 0 0 0 1 0 0 0 0 0 1 0 0 0 0 0 0 0 0 0 0 0 0 0 0 0 0]
 [0 0 0 0 0 4 0 0 1 0 0 0 0 0 0 0 0 0 0 0 0 0 0 0 0 0 0 0 0 0 0]
 [0 0 0 1 0 1 4 1 0 0 0 0 0 0 0 0 0 0 0 1 0 0 0 0 0 0 0 0 1 0 0]
 [0 0 0 0 0 0 0 1 1 1 0 0 0 0 2 0 0 0 0 1 0 0 0 0 0 0 0 0 0 0 0]
 [0 0 0 0 0 1 1 0 0 0 0 0 0 0 0 0 0 0 0 0 0 0 1 0 0 0 0 0 0 0 0]
 [0 1 0 0 1 0 0 1 0 1 0 1 0 0 0 2 0 0 0 0 0 0 0 0 0 0 0 0 0 0 0]
 [0 0 0 0 0 0 0 1 0 0 6 0 0 0 0 0 0 0 0 0 0 0 0 0 0 0 0 0 0 0 0]
 [0 0 0 0 0 0 0 0 1 0 0 4 0 0 0 0 0 0 0 0 0 0 0 0 0 0 0 0 1 0 0]
 [0 0 0 0 0 0 0 0 0 0 0 0 5 0 0 0 0 0 0 0 0 0 0 0 0 0 0 1 0 0 1]
 [1 0 0 0 0 0 0 0 0 0 0 0 0 6 0 0 0 0 0 1 1 0 0 0 0 0 0 0 0 0 0]
 [0 0 0 1 1 0 0 0 2 1 1 0 0 0 1 0 0 0 0 0 0 0 0 0 0 0 1 0 0 0 0]
 [0 0 0 0 0 0 0 0 0 0 0 0 0 0 0 2 0 0 0 0 0 0 0 0 0 0 0 0 0 0 0]
 [0 0 1 0 0 0 0 0 0 0 0 0 0 0 0 0 4 0 0 0 0 0 0 0 0 0 0 0 0 0 0]
 [0 0 0 0 0 0 1 0 0 0 0 0 0 0 0 0 0 2 0 0 0 0 0 0 0 0 0 0 0 0 0]
 [0 0 0 0 0 0 0 0 0 0 0 0 0 0 0 0 0 0 3 0 0 0 0 0 0 0 0 0 0 0 0]
 [0 0 0 1 0 0 0 2 0 0 1 0 0 0 0 0 0 0 0 3 0 0 0 0 0 0 0 0 0 0 0]
 [0 0 0 0 0 0 0 0 0 0 0 0 0 0 0 0 0 0 0 0 4 0 0 2 0 0 0 0 0 0 0]
 [0 0 0 0 0 0 0 1 0 0 0 0 0 0 0 0 0 0 0 1 0 4 0 0 0 0 0 0 1 0 0]
 [0 0 0 1 0 2 0 0 0 0 0 1 0 0 0 0 0 0 0 0 0 0 4 0 0 0 1 0 0 0 0]
 [0 0 0 0 0 0 0 0 0 0 0 0 0 1 0 0 0 0 0 0 0 0 0 5 0 0 0 0 0 0 0]
 [1 0 0 0 0 0 0 0 0 0 0 1 0 0 0 0 2 0 0 0 0 0 0 0 3 0 0 0 0 0 0]
 [0 0 0 0 1 0 0 0 0 0 0 0 0 0 1 0 0 0 0 0 0 0 0 0 0 3 0 0 0 0 0]
 [0 0 0 0 0 0 0 0 1 0 0 0 0 0 0 0 0 0 0 0 0 0 0 1 0 0 5 0 1 0 0]
 [0 0 0 0 0 0 0 0 0 0 0 0 2 0 0 0 0 0 0 0 0 0 0 0 0 0 0 3 0 0 0]
 [0 0 0 0 0 0 1 0 0 0 0 0 0 0 0 0 0 0 0 0 0 0 0 0 0 0 0 0 4 0 0]
 [0 1 0 0 0 0 0 0 0 0 0 0 0 0 0 0 1 0 0 0 0 0 0 0 0 0 0 0 0 2 0]
 [0 0 0 0 0 0 0 0 0 0 0 0 0 0 0 0 0 0 0 0 0 0 0 0 0 0 0 0 0 0 2]]
