The RF model: The test set score using MinMax:
 0.639784946237
The RF model: The best cross validation score using MinMax:
 0.630376344086
The RF model: The best parameters with selected using MinMax:
 {'svm__C': 10, 'svm__gamma': 0.1}
The RF model: the classification Report using MinMax:
              precision    recall  f1-score   support

    10_User       0.67      0.57      0.62         7
    11_User       0.17      0.33      0.22         3
    12_User       0.67      0.44      0.53         9
    13_User       0.25      1.00      0.40         1
    14_User       0.67      0.40      0.50         5
    15_User       0.50      1.00      0.67         5
    17_User       0.44      0.57      0.50         7
    18_User       0.60      0.43      0.50         7
    19_User       0.00      0.00      0.00         6
     1_User       0.20      1.00      0.33         1
    20_User       1.00      1.00      1.00         8
    21_User       0.71      0.56      0.63         9
    22_User       1.00      1.00      1.00         6
    23_User       0.67      0.50      0.57         8
    24_User       0.33      0.33      0.33         6
    25_User       0.78      0.88      0.82         8
    26_User       0.67      1.00      0.80         6
    27_User       0.75      0.38      0.50         8
    28_User       1.00      0.83      0.91         6
    29_User       0.40      0.40      0.40         5
     2_User       0.80      0.80      0.80        10
    30_User       0.80      0.80      0.80         5
    31_User       0.75      0.50      0.60         6
    32_User       0.67      0.57      0.62         7
     3_User       0.50      0.40      0.44         5
     4_User       0.90      0.90      0.90        10
     5_User       0.43      0.75      0.55         4
     6_User       1.00      1.00      1.00         6
     7_User       0.40      1.00      0.57         2
     8_User       0.60      1.00      0.75         3
     9_User       1.00      0.29      0.44         7

avg / total       0.68      0.64      0.64       186

The RF model: the confusion svc metrics using MinMax:
[[4 2 0 0 0 0 0 0 0 0 0 0 0 0 1 0 0 0 0 0 0 0 0 0 0 0 0 0 0 0 0]
 [0 1 0 0 0 0 0 0 0 0 0 0 0 0 0 0 0 0 0 0 0 0 0 0 1 0 0 0 0 1 0]
 [0 0 4 0 0 0 3 0 0 0 0 0 0 0 0 0 1 0 0 0 0 0 0 0 0 0 0 0 1 0 0]
 [0 0 0 1 0 0 0 0 0 0 0 0 0 0 0 0 0 0 0 0 0 0 0 0 0 0 0 0 0 0 0]
 [0 0 0 0 2 0 0 0 0 1 0 0 0 1 1 0 0 0 0 0 0 0 0 0 0 0 0 0 0 0 0]
 [0 0 0 0 0 5 0 0 0 0 0 0 0 0 0 0 0 0 0 0 0 0 0 0 0 0 0 0 0 0 0]
 [0 0 1 0 0 1 4 0 0 0 0 0 0 0 0 0 0 0 0 0 0 0 0 0 0 0 0 0 1 0 0]
 [0 1 0 0 0 0 0 3 0 0 0 0 0 0 1 0 0 0 0 2 0 0 0 0 0 0 0 0 0 0 0]
 [0 0 0 0 0 1 1 1 0 0 0 1 0 0 1 0 0 0 0 0 0 0 1 0 0 0 0 0 0 0 0]
 [0 0 0 0 0 0 0 0 0 1 0 0 0 0 0 0 0 0 0 0 0 0 0 0 0 0 0 0 0 0 0]
 [0 0 0 0 0 0 0 0 0 0 8 0 0 0 0 0 0 0 0 0 0 0 0 0 0 0 0 0 0 0 0]
 [0 0 0 0 0 2 0 0 1 0 0 5 0 0 0 0 0 0 0 0 0 0 0 0 0 0 0 0 1 0 0]
 [0 0 0 0 0 0 0 0 0 0 0 0 6 0 0 0 0 0 0 0 0 0 0 0 0 0 0 0 0 0 0]
 [0 0 0 1 0 0 0 0 0 0 0 0 0 4 0 0 0 0 0 0 2 0 0 0 0 0 1 0 0 0 0]
 [0 0 0 0 1 0 1 1 0 0 0 0 0 0 2 0 0 0 0 0 0 0 0 0 0 0 1 0 0 0 0]
 [0 0 0 0 0 0 0 0 0 0 0 0 0 0 0 7 0 0 0 0 0 0 0 0 0 0 0 0 0 1 0]
 [0 0 0 0 0 0 0 0 0 0 0 0 0 0 0 0 6 0 0 0 0 0 0 0 0 0 0 0 0 0 0]
 [0 2 0 0 0 0 0 0 0 0 0 0 0 0 0 0 2 3 0 0 0 0 0 0 1 0 0 0 0 0 0]
 [1 0 0 0 0 0 0 0 0 0 0 0 0 0 0 0 0 0 5 0 0 0 0 0 0 0 0 0 0 0 0]
 [0 0 0 1 0 0 0 0 1 0 0 0 0 0 0 1 0 0 0 2 0 0 0 0 0 0 0 0 0 0 0]
 [0 0 0 0 0 0 0 0 0 0 0 0 0 1 0 0 0 0 0 0 8 0 0 1 0 0 0 0 0 0 0]
 [0 0 0 0 0 0 0 0 1 0 0 0 0 0 0 0 0 0 0 0 0 4 0 0 0 0 0 0 0 0 0]
 [0 0 0 0 0 1 0 0 0 1 0 1 0 0 0 0 0 0 0 0 0 0 3 0 0 0 0 0 0 0 0]
 [0 0 0 1 0 0 0 0 0 0 0 0 0 0 0 1 0 0 0 0 0 0 0 4 0 0 1 0 0 0 0]
 [1 0 1 0 0 0 0 0 0 0 0 0 0 0 0 0 0 1 0 0 0 0 0 0 2 0 0 0 0 0 0]
 [0 0 0 0 0 0 0 0 0 1 0 0 0 0 0 0 0 0 0 0 0 0 0 0 0 9 0 0 0 0 0]
 [0 0 0 0 0 0 0 0 0 0 0 0 0 0 0 0 0 0 0 1 0 0 0 0 0 0 3 0 0 0 0]
 [0 0 0 0 0 0 0 0 0 0 0 0 0 0 0 0 0 0 0 0 0 0 0 0 0 0 0 6 0 0 0]
 [0 0 0 0 0 0 0 0 0 0 0 0 0 0 0 0 0 0 0 0 0 0 0 0 0 0 0 0 2 0 0]
 [0 0 0 0 0 0 0 0 0 0 0 0 0 0 0 0 0 0 0 0 0 0 0 0 0 0 0 0 0 3 0]
 [0 0 0 0 0 0 0 0 0 1 0 0 0 0 0 0 0 0 0 0 0 1 0 1 0 1 1 0 0 0 2]]
The RF model: The test set score using Maxabs:
 0.661290322581
The RF model: The best cross validation score using Maxabs:
 0.623655913978
The RF model: The best parameters with selected using Maxabs:
 {'rf__bootstrap': True, 'rf__max_depth': 10, 'rf__max_features': 'auto', 'rf__min_samples_leaf': 1, 'rf__min_samples_split': 5, 'rf__n_estimators': 50}
The RF model: the classification Report using Maxabs:
              precision    recall  f1-score   support

    10_User       1.00      0.57      0.73         7
    11_User       0.33      0.67      0.44         3
    12_User       0.67      0.67      0.67         9
    13_User       0.00      0.00      0.00         1
    14_User       0.38      0.60      0.46         5
    15_User       0.60      0.60      0.60         5
    17_User       0.62      0.71      0.67         7
    18_User       1.00      0.43      0.60         7
    19_User       0.67      0.33      0.44         6
     1_User       0.33      1.00      0.50         1
    20_User       1.00      0.75      0.86         8
    21_User       0.62      0.56      0.59         9
    22_User       1.00      1.00      1.00         6
    23_User       0.83      0.62      0.71         8
    24_User       0.20      0.17      0.18         6
    25_User       0.62      0.62      0.62         8
    26_User       1.00      0.67      0.80         6
    27_User       0.71      0.62      0.67         8
    28_User       0.83      0.83      0.83         6
    29_User       1.00      0.80      0.89         5
     2_User       1.00      0.70      0.82        10
    30_User       0.75      0.60      0.67         5
    31_User       0.57      0.67      0.62         6
    32_User       0.58      1.00      0.74         7
     3_User       0.67      0.40      0.50         5
     4_User       0.70      0.70      0.70        10
     5_User       0.75      0.75      0.75         4
     6_User       1.00      1.00      1.00         6
     7_User       0.29      1.00      0.44         2
     8_User       0.30      1.00      0.46         3
     9_User       0.80      0.57      0.67         7

avg / total       0.73      0.66      0.67       186

The RF model: the confusion svc metrics using Maxabs:
[[4 0 0 0 0 0 0 0 0 0 0 0 0 0 0 1 0 0 0 0 0 0 0 0 0 0 0 0 0 2 0]
 [0 2 0 0 0 0 0 0 0 0 0 0 0 0 0 0 0 0 0 0 0 0 0 0 0 0 0 0 0 1 0]
 [0 0 6 0 0 0 1 0 0 0 0 0 0 0 0 0 0 1 0 0 0 0 0 0 0 0 0 0 1 0 0]
 [0 0 0 0 0 0 0 0 0 0 0 0 0 0 0 0 0 0 0 0 0 0 1 0 0 0 0 0 0 0 0]
 [0 0 0 1 3 0 0 0 0 0 0 0 0 0 0 0 0 0 0 0 0 0 0 0 0 1 0 0 0 0 0]
 [0 0 0 0 0 3 0 0 0 0 0 0 0 0 2 0 0 0 0 0 0 0 0 0 0 0 0 0 0 0 0]
 [0 0 0 0 0 0 5 0 0 1 0 0 0 0 0 0 0 1 0 0 0 0 0 0 0 0 0 0 0 0 0]
 [0 3 0 0 1 0 0 3 0 0 0 0 0 0 0 0 0 0 0 0 0 0 0 0 0 0 0 0 0 0 0]
 [0 0 0 0 0 1 0 0 2 0 0 1 0 0 1 0 0 0 0 0 0 0 1 0 0 0 0 0 0 0 0]
 [0 0 0 0 0 0 0 0 0 1 0 0 0 0 0 0 0 0 0 0 0 0 0 0 0 0 0 0 0 0 0]
 [0 0 0 0 0 0 0 0 0 0 6 0 0 0 0 0 0 0 0 0 0 0 0 1 0 0 0 0 0 1 0]
 [0 0 0 0 0 0 1 0 1 0 0 5 0 0 0 0 0 0 0 0 0 0 0 0 0 0 0 0 2 0 0]
 [0 0 0 0 0 0 0 0 0 0 0 0 6 0 0 0 0 0 0 0 0 0 0 0 0 0 0 0 0 0 0]
 [0 0 0 0 0 0 0 0 0 0 0 1 0 5 0 0 0 0 0 0 0 0 0 2 0 0 0 0 0 0 0]
 [0 0 0 0 2 0 1 0 0 1 0 0 0 0 1 0 0 0 0 0 0 0 0 0 0 0 0 0 0 0 1]
 [0 0 0 0 0 0 0 0 0 0 0 0 0 0 0 5 0 0 0 0 0 0 0 0 0 0 0 0 0 3 0]
 [0 0 0 0 0 0 0 0 0 0 0 0 0 0 0 0 4 0 0 0 0 0 0 0 0 0 0 0 2 0 0]
 [0 1 1 0 0 0 0 0 0 0 0 0 0 0 0 0 0 5 0 0 0 0 0 0 1 0 0 0 0 0 0]
 [0 0 0 0 0 1 0 0 0 0 0 0 0 0 0 0 0 0 5 0 0 0 0 0 0 0 0 0 0 0 0]
 [0 0 0 0 0 0 0 0 0 0 0 0 0 0 0 1 0 0 0 4 0 0 0 0 0 0 0 0 0 0 0]
 [0 0 0 0 0 0 0 0 0 0 0 0 0 1 0 0 0 0 0 0 7 0 0 2 0 0 0 0 0 0 0]
 [0 0 0 0 0 0 0 0 0 0 0 1 0 0 1 0 0 0 0 0 0 3 0 0 0 0 0 0 0 0 0]
 [0 0 0 0 0 0 0 0 0 0 0 0 0 0 0 0 0 0 1 0 0 0 4 0 0 0 1 0 0 0 0]
 [0 0 0 0 0 0 0 0 0 0 0 0 0 0 0 0 0 0 0 0 0 0 0 7 0 0 0 0 0 0 0]
 [0 0 2 0 0 0 0 0 0 0 0 0 0 0 0 1 0 0 0 0 0 0 0 0 2 0 0 0 0 0 0]
 [0 0 0 0 2 0 0 0 0 0 0 0 0 0 0 0 0 0 0 0 0 0 1 0 0 7 0 0 0 0 0]
 [0 0 0 1 0 0 0 0 0 0 0 0 0 0 0 0 0 0 0 0 0 0 0 0 0 0 3 0 0 0 0]
 [0 0 0 0 0 0 0 0 0 0 0 0 0 0 0 0 0 0 0 0 0 0 0 0 0 0 0 6 0 0 0]
 [0 0 0 0 0 0 0 0 0 0 0 0 0 0 0 0 0 0 0 0 0 0 0 0 0 0 0 0 2 0 0]
 [0 0 0 0 0 0 0 0 0 0 0 0 0 0 0 0 0 0 0 0 0 0 0 0 0 0 0 0 0 3 0]
 [0 0 0 0 0 0 0 0 0 0 0 0 0 0 0 0 0 0 0 0 0 1 0 0 0 2 0 0 0 0 4]]
The RF model: The test set score using Robust:
 0.639784946237
The RF model: The best cross validation score using Robust:
 0.623655913978
The RF model: The best parameters with selected using Robust:
 {'rf__bootstrap': True, 'rf__max_depth': 10, 'rf__max_features': 'auto', 'rf__min_samples_leaf': 2, 'rf__min_samples_split': 5, 'rf__n_estimators': 50}
The RF model: the classification Report using Robust:
              precision    recall  f1-score   support

    10_User       0.71      0.71      0.71         7
    11_User       0.50      1.00      0.67         3
    12_User       0.62      0.56      0.59         9
    13_User       0.00      0.00      0.00         1
    14_User       0.33      0.40      0.36         5
    15_User       0.50      0.60      0.55         5
    17_User       0.62      0.71      0.67         7
    18_User       0.33      0.14      0.20         7
    19_User       0.50      0.33      0.40         6
     1_User       0.25      1.00      0.40         1
    20_User       1.00      0.75      0.86         8
    21_User       0.62      0.56      0.59         9
    22_User       1.00      1.00      1.00         6
    23_User       0.83      0.62      0.71         8
    24_User       0.50      0.17      0.25         6
    25_User       0.83      0.62      0.71         8
    26_User       1.00      0.83      0.91         6
    27_User       0.83      0.62      0.71         8
    28_User       0.67      0.67      0.67         6
    29_User       0.40      0.40      0.40         5
     2_User       1.00      0.60      0.75        10
    30_User       0.80      0.80      0.80         5
    31_User       0.50      0.50      0.50         6
    32_User       0.50      0.86      0.63         7
     3_User       0.67      0.40      0.50         5
     4_User       0.67      0.80      0.73        10
     5_User       0.75      0.75      0.75         4
     6_User       1.00      1.00      1.00         6
     7_User       0.29      1.00      0.44         2
     8_User       0.33      1.00      0.50         3
     9_User       0.71      0.71      0.71         7

avg / total       0.68      0.64      0.64       186

The RF model: the confusion svc metrics using Robust:
[[5 0 0 0 0 1 0 0 0 0 0 0 0 0 0 0 0 0 0 0 0 0 0 0 0 0 0 0 0 1 0]
 [0 3 0 0 0 0 0 0 0 0 0 0 0 0 0 0 0 0 0 0 0 0 0 0 0 0 0 0 0 0 0]
 [0 0 5 0 0 0 1 0 0 0 0 0 0 0 0 0 0 1 0 0 0 0 0 0 0 0 0 0 2 0 0]
 [0 0 0 0 0 0 0 0 0 0 0 0 0 0 0 0 0 0 0 0 0 0 1 0 0 0 0 0 0 0 0]
 [0 0 0 0 2 0 0 0 0 1 0 1 0 0 0 0 0 0 0 0 0 0 0 0 0 1 0 0 0 0 0]
 [0 0 0 0 0 3 0 0 1 0 0 0 0 0 1 0 0 0 0 0 0 0 0 0 0 0 0 0 0 0 0]
 [0 0 0 0 0 0 5 0 0 0 0 0 0 0 0 0 0 0 1 0 0 1 0 0 0 0 0 0 0 0 0]
 [0 3 0 0 1 0 0 1 0 1 0 0 0 0 0 0 0 0 0 1 0 0 0 0 0 0 0 0 0 0 0]
 [0 0 0 0 0 1 0 0 2 1 0 1 0 0 0 0 0 0 0 0 0 0 1 0 0 0 0 0 0 0 0]
 [0 0 0 0 0 0 0 0 0 1 0 0 0 0 0 0 0 0 0 0 0 0 0 0 0 0 0 0 0 0 0]
 [0 0 0 0 0 0 0 0 0 0 6 0 0 0 0 0 0 0 0 0 0 0 0 1 0 0 0 0 0 1 0]
 [0 0 0 0 0 0 1 0 1 0 0 5 0 0 0 0 0 0 0 0 0 0 0 0 0 0 0 0 2 0 0]
 [0 0 0 0 0 0 0 0 0 0 0 0 6 0 0 0 0 0 0 0 0 0 0 0 0 0 0 0 0 0 0]
 [0 0 0 0 0 0 0 0 0 0 0 0 0 5 0 0 0 0 0 0 0 0 1 2 0 0 0 0 0 0 0]
 [0 0 0 0 2 0 1 1 0 0 0 0 0 0 1 0 0 0 0 0 0 0 0 0 0 0 0 0 0 0 1]
 [0 0 0 0 0 0 0 0 0 0 0 0 0 0 0 5 0 0 0 0 0 0 0 0 0 0 0 0 0 3 0]
 [0 0 0 0 0 0 0 0 0 0 0 0 0 0 0 0 5 0 0 0 0 0 0 0 0 0 0 0 1 0 0]
 [0 0 1 0 0 0 0 0 0 0 0 0 0 0 0 0 0 5 0 0 0 0 0 0 1 0 0 0 0 1 0]
 [1 0 0 0 0 1 0 0 0 0 0 0 0 0 0 0 0 0 4 0 0 0 0 0 0 0 0 0 0 0 0]
 [0 0 0 1 0 0 0 0 0 0 0 1 0 0 0 1 0 0 0 2 0 0 0 0 0 0 0 0 0 0 0]
 [0 0 0 0 0 0 0 0 0 0 0 0 0 1 0 0 0 0 0 0 6 0 0 3 0 0 0 0 0 0 0]
 [0 0 0 0 0 0 0 0 0 0 0 0 0 0 0 0 0 0 0 1 0 4 0 0 0 0 0 0 0 0 0]
 [0 0 0 0 0 0 0 1 0 0 0 0 0 0 0 0 0 0 1 0 0 0 3 0 0 0 1 0 0 0 0]
 [0 0 0 0 0 0 0 0 0 0 0 0 0 0 0 0 0 0 0 0 0 0 0 6 0 1 0 0 0 0 0]
 [1 0 2 0 0 0 0 0 0 0 0 0 0 0 0 0 0 0 0 0 0 0 0 0 2 0 0 0 0 0 0]
 [0 0 0 0 1 0 0 0 0 0 0 0 0 0 0 0 0 0 0 0 0 0 0 0 0 8 0 0 0 0 1]
 [0 0 0 0 0 0 0 0 0 0 0 0 0 0 0 0 0 0 0 1 0 0 0 0 0 0 3 0 0 0 0]
 [0 0 0 0 0 0 0 0 0 0 0 0 0 0 0 0 0 0 0 0 0 0 0 0 0 0 0 6 0 0 0]
 [0 0 0 0 0 0 0 0 0 0 0 0 0 0 0 0 0 0 0 0 0 0 0 0 0 0 0 0 2 0 0]
 [0 0 0 0 0 0 0 0 0 0 0 0 0 0 0 0 0 0 0 0 0 0 0 0 0 0 0 0 0 3 0]
 [0 0 0 0 0 0 0 0 0 0 0 0 0 0 0 0 0 0 0 0 0 0 0 0 0 2 0 0 0 0 5]]
The RF model: The test set score using Normalizer:
 0.618279569892
The RF model: The best cross validation score using Robust:
 0.608870967742
The RF model: The best parameters with selected using Robust:
 {'rf__bootstrap': False, 'rf__max_depth': 10, 'rf__max_features': 'sqrt', 'rf__min_samples_leaf': 1, 'rf__min_samples_split': 8, 'rf__n_estimators': 50}
The RF model: the classification Report using Robust:
              precision    recall  f1-score   support

    10_User       1.00      0.57      0.73         7
    11_User       0.25      0.67      0.36         3
    12_User       0.67      0.44      0.53         9
    13_User       0.14      1.00      0.25         1
    14_User       0.60      0.60      0.60         5
    15_User       0.83      1.00      0.91         5
    17_User       0.67      0.57      0.62         7
    18_User       0.80      0.57      0.67         7
    19_User       0.33      0.17      0.22         6
     1_User       0.50      1.00      0.67         1
    20_User       0.80      0.50      0.62         8
    21_User       1.00      0.44      0.62         9
    22_User       1.00      0.83      0.91         6
    23_User       0.80      0.50      0.62         8
    24_User       0.20      0.17      0.18         6
    25_User       0.62      0.62      0.62         8
    26_User       0.67      0.67      0.67         6
    27_User       1.00      0.88      0.93         8
    28_User       0.86      1.00      0.92         6
    29_User       0.14      0.20      0.17         5
     2_User       0.67      0.60      0.63        10
    30_User       0.80      0.80      0.80         5
    31_User       0.75      0.50      0.60         6
    32_User       0.71      0.71      0.71         7
     3_User       0.00      0.00      0.00         5
     4_User       0.90      0.90      0.90        10
     5_User       0.50      0.75      0.60         4
     6_User       0.86      1.00      0.92         6
     7_User       0.20      1.00      0.33         2
     8_User       0.22      0.67      0.33         3
     9_User       0.62      0.71      0.67         7

avg / total       0.69      0.62      0.63       186

The RF model: the confusion svc metrics using Robust:
[[4 1 0 0 0 0 0 0 0 0 0 0 0 0 0 1 0 0 0 0 0 0 0 0 0 0 0 0 0 1 0]
 [0 2 0 0 0 0 0 0 0 0 0 0 0 0 0 0 0 0 0 0 0 0 0 0 0 0 0 0 0 1 0]
 [0 0 4 0 0 0 2 0 0 0 0 0 0 0 0 0 0 0 0 0 0 0 0 0 0 0 0 0 2 1 0]
 [0 0 0 1 0 0 0 0 0 0 0 0 0 0 0 0 0 0 0 0 0 0 0 0 0 0 0 0 0 0 0]
 [0 0 0 1 3 0 0 0 0 0 0 0 0 0 1 0 0 0 0 0 0 0 0 0 0 0 0 0 0 0 0]
 [0 0 0 0 0 5 0 0 0 0 0 0 0 0 0 0 0 0 0 0 0 0 0 0 0 0 0 0 0 0 0]
 [0 0 1 1 0 0 4 0 0 0 0 0 0 0 0 0 0 0 0 0 0 0 0 0 0 0 0 0 1 0 0]
 [0 1 0 0 0 0 0 4 0 1 0 0 0 0 0 0 0 0 0 1 0 0 0 0 0 0 0 0 0 0 0]
 [0 0 0 1 0 0 0 1 1 0 1 0 0 0 1 0 0 0 0 0 0 0 1 0 0 0 0 0 0 0 0]
 [0 0 0 0 0 0 0 0 0 1 0 0 0 0 0 0 0 0 0 0 0 0 0 0 0 0 0 0 0 0 0]
 [0 1 0 0 0 0 0 0 1 0 4 0 0 0 0 0 0 0 0 1 0 1 0 0 0 0 0 0 0 0 0]
 [0 0 0 0 0 0 0 0 1 0 0 4 0 0 0 0 1 0 0 1 0 0 0 0 0 0 0 0 2 0 0]
 [0 0 0 0 0 0 0 0 0 0 0 0 5 0 0 0 0 0 0 0 0 0 0 0 0 0 0 0 0 0 1]
 [0 0 0 0 0 1 0 0 0 0 0 0 0 4 0 0 0 0 0 0 1 0 0 1 0 0 1 0 0 0 0]
 [0 0 0 1 0 0 0 0 0 0 0 0 0 0 1 0 0 0 0 3 0 0 0 0 0 0 0 0 0 0 1]
 [0 0 0 0 0 0 0 0 0 0 0 0 0 0 0 5 0 0 0 0 0 0 0 0 0 0 0 0 0 3 0]
 [0 0 0 0 0 0 0 0 0 0 0 0 0 0 0 0 4 0 0 0 0 0 0 0 0 0 0 0 1 1 0]
 [0 1 0 0 0 0 0 0 0 0 0 0 0 0 0 0 0 7 0 0 0 0 0 0 0 0 0 0 0 0 0]
 [0 0 0 0 0 0 0 0 0 0 0 0 0 0 0 0 0 0 6 0 0 0 0 0 0 0 0 0 0 0 0]
 [0 0 0 2 0 0 0 0 0 0 0 0 0 0 0 1 0 0 0 1 0 0 0 0 0 0 0 0 1 0 0]
 [0 0 0 0 0 0 0 0 0 0 0 0 0 1 0 0 0 0 0 0 6 0 0 1 0 0 1 1 0 0 0]
 [0 0 0 0 0 0 0 0 0 0 0 0 0 0 0 0 0 0 0 0 0 4 0 0 0 0 0 0 0 0 1]
 [0 0 0 0 0 0 0 0 0 0 0 0 0 0 2 0 0 0 1 0 0 0 3 0 0 0 0 0 0 0 0]
 [0 0 0 0 0 0 0 0 0 0 0 0 0 0 0 0 0 0 0 0 1 0 0 5 0 0 1 0 0 0 0]
 [0 2 1 0 0 0 0 0 0 0 0 0 0 0 0 1 0 0 0 0 0 0 0 0 0 0 0 0 1 0 0]
 [0 0 0 0 1 0 0 0 0 0 0 0 0 0 0 0 0 0 0 0 0 0 0 0 0 9 0 0 0 0 0]
 [0 0 0 0 0 0 0 0 0 0 0 0 0 0 0 0 0 0 0 0 1 0 0 0 0 0 3 0 0 0 0]
 [0 0 0 0 0 0 0 0 0 0 0 0 0 0 0 0 0 0 0 0 0 0 0 0 0 0 0 6 0 0 0]
 [0 0 0 0 0 0 0 0 0 0 0 0 0 0 0 0 0 0 0 0 0 0 0 0 0 0 0 0 2 0 0]
 [0 0 0 0 0 0 0 0 0 0 0 0 0 0 0 0 1 0 0 0 0 0 0 0 0 0 0 0 0 2 0]
 [0 0 0 0 1 0 0 0 0 0 0 0 0 0 0 0 0 0 0 0 0 0 0 0 0 1 0 0 0 0 5]]
