The NN model with Pipline: The test set score using MimMax:
 0.634408602151
The NN model: The best cross validation score using MimMax:
 0.592741935484
The NN model: The best parameters using MimMax:
 {'nn__alpha': 1.0000000000000001e-05, 'nn__hidden_layer_sizes': 10, 'nn__max_iter': 150, 'nn__random_state': 3, 'nn__solver': 'lbfgs'}
The NN model: the classification Report using MimMax:
              precision    recall  f1-score   support

    10_User       0.57      0.57      0.57         7
    11_User       0.50      0.67      0.57         3
    12_User       0.57      0.44      0.50         9
    13_User       0.33      1.00      0.50         1
    14_User       0.60      0.60      0.60         5
    15_User       0.60      0.60      0.60         5
    17_User       0.71      0.71      0.71         7
    18_User       0.33      0.29      0.31         7
    19_User       0.67      0.33      0.44         6
     1_User       0.25      1.00      0.40         1
    20_User       1.00      1.00      1.00         8
    21_User       0.60      0.33      0.43         9
    22_User       0.83      0.83      0.83         6
    23_User       0.80      0.50      0.62         8
    24_User       1.00      0.17      0.29         6
    25_User       0.75      0.75      0.75         8
    26_User       1.00      0.67      0.80         6
    27_User       0.62      0.62      0.62         8
    28_User       0.83      0.83      0.83         6
    29_User       0.43      0.60      0.50         5
     2_User       0.73      0.80      0.76        10
    30_User       0.75      0.60      0.67         5
    31_User       0.38      0.50      0.43         6
    32_User       0.50      0.57      0.53         7
     3_User       0.43      0.60      0.50         5
     4_User       0.82      0.90      0.86        10
     5_User       0.50      0.75      0.60         4
     6_User       1.00      0.83      0.91         6
     7_User       0.14      0.50      0.22         2
     8_User       0.75      1.00      0.86         3
     9_User       0.83      0.71      0.77         7

avg / total       0.68      0.63      0.64       186

The NN model: the confusion svc metrics using MimMax:
 [[4 1 0 0 0 0 0 0 0 0 0 0 0 0 0 1 0 0 0 0 0 0 0 0 0 0 0 0 0 1 0]
 [0 2 0 0 0 0 0 0 0 0 0 0 0 0 0 0 0 0 0 0 0 0 0 0 1 0 0 0 0 0 0]
 [0 0 4 0 0 0 0 0 0 0 0 0 0 0 0 0 0 2 0 0 0 0 0 0 2 0 0 0 1 0 0]
 [0 0 0 1 0 0 0 0 0 0 0 0 0 0 0 0 0 0 0 0 0 0 0 0 0 0 0 0 0 0 0]
 [0 0 0 0 3 0 0 0 0 0 0 0 0 0 0 0 0 0 0 1 0 0 0 0 0 0 1 0 0 0 0]
 [0 0 0 0 0 3 0 0 0 0 0 0 0 0 0 0 0 0 0 0 0 0 0 2 0 0 0 0 0 0 0]
 [0 0 1 0 0 0 5 0 0 0 0 0 0 0 0 0 0 0 0 0 0 0 1 0 0 0 0 0 0 0 0]
 [0 0 0 0 0 0 0 2 0 1 0 0 0 0 0 0 0 1 0 2 0 1 0 0 0 0 0 0 0 0 0]
 [0 0 0 1 0 1 0 1 2 0 0 1 0 0 0 0 0 0 0 0 0 0 0 0 0 0 0 0 0 0 0]
 [0 0 0 0 0 0 0 0 0 1 0 0 0 0 0 0 0 0 0 0 0 0 0 0 0 0 0 0 0 0 0]
 [0 0 0 0 0 0 0 0 0 0 8 0 0 0 0 0 0 0 0 0 0 0 0 0 0 0 0 0 0 0 0]
 [0 0 0 0 0 0 1 0 0 0 0 3 0 0 0 0 0 0 0 0 0 0 0 0 0 0 0 0 5 0 0]
 [0 0 0 0 0 0 0 0 0 0 0 0 5 0 0 0 0 0 0 0 0 0 0 0 0 0 0 0 0 0 1]
 [0 0 0 0 0 0 0 0 0 0 0 0 0 4 0 0 0 0 0 0 2 0 1 1 0 0 0 0 0 0 0]
 [0 0 0 0 0 0 1 1 1 0 0 0 0 0 1 0 0 0 0 1 0 0 0 0 0 0 1 0 0 0 0]
 [1 0 0 0 0 0 0 0 0 0 0 0 0 0 0 6 0 0 0 0 0 0 1 0 0 0 0 0 0 0 0]
 [1 0 1 0 0 0 0 0 0 0 0 0 0 0 0 0 4 0 0 0 0 0 0 0 0 0 0 0 0 0 0]
 [0 0 1 0 1 0 0 0 0 0 0 0 0 0 0 0 0 5 0 0 0 0 0 0 1 0 0 0 0 0 0]
 [0 0 0 0 0 0 0 0 0 0 0 0 0 0 0 0 0 0 5 0 0 0 1 0 0 0 0 0 0 0 0]
 [0 0 0 0 0 0 0 1 0 0 0 0 0 0 0 1 0 0 0 3 0 0 0 0 0 0 0 0 0 0 0]
 [0 0 0 0 0 0 0 0 0 0 0 0 0 1 0 0 0 0 0 0 8 0 0 1 0 0 0 0 0 0 0]
 [0 0 0 0 0 0 0 1 0 1 0 0 0 0 0 0 0 0 0 0 0 3 0 0 0 0 0 0 0 0 0]
 [0 0 0 0 0 1 0 0 0 1 0 1 0 0 0 0 0 0 0 0 0 0 3 0 0 0 0 0 0 0 0]
 [0 0 0 1 0 0 0 0 0 0 0 0 0 0 0 0 0 0 0 0 0 0 1 4 0 0 1 0 0 0 0]
 [0 1 0 0 0 0 0 0 0 0 0 0 0 0 0 0 0 0 1 0 0 0 0 0 3 0 0 0 0 0 0]
 [0 0 0 0 1 0 0 0 0 0 0 0 0 0 0 0 0 0 0 0 0 0 0 0 0 9 0 0 0 0 0]
 [0 0 0 0 0 0 0 0 0 0 0 0 0 0 0 0 0 0 0 0 1 0 0 0 0 0 3 0 0 0 0]
 [0 0 0 0 0 0 0 0 0 0 0 0 1 0 0 0 0 0 0 0 0 0 0 0 0 0 0 5 0 0 0]
 [1 0 0 0 0 0 0 0 0 0 0 0 0 0 0 0 0 0 0 0 0 0 0 0 0 0 0 0 1 0 0]
 [0 0 0 0 0 0 0 0 0 0 0 0 0 0 0 0 0 0 0 0 0 0 0 0 0 0 0 0 0 3 0]
 [0 0 0 0 0 0 0 0 0 0 0 0 0 0 0 0 0 0 0 0 0 0 0 0 0 2 0 0 0 0 5]]
The NN model with Pipline: The test set score using MaxAbs:
 0.381720430108
The NN model: The best cross validation score using MaxAbs:
 0.490591397849
The NN model: The best parameters using MaxAbs:
 {'nn__alpha': 0.0001, 'nn__hidden_layer_sizes': 11, 'nn__max_iter': 150, 'nn__random_state': 8, 'nn__solver': 'lbfgs'}
The NN model: the classification Report using MaxAbs:
              precision    recall  f1-score   support

    10_User       0.50      0.14      0.22         7
    11_User       0.17      0.67      0.27         3
    12_User       0.00      0.00      0.00         9
    13_User       0.17      1.00      0.29         1
    14_User       0.50      0.40      0.44         5
    15_User       0.57      0.80      0.67         5
    17_User       0.25      0.14      0.18         7
    18_User       0.17      0.14      0.15         7
    19_User       0.33      0.17      0.22         6
     1_User       0.11      1.00      0.20         1
    20_User       0.25      0.12      0.17         8
    21_User       0.40      0.22      0.29         9
    22_User       0.75      0.50      0.60         6
    23_User       0.71      0.62      0.67         8
    24_User       0.25      0.17      0.20         6
    25_User       0.33      0.25      0.29         8
    26_User       0.67      0.33      0.44         6
    27_User       1.00      0.50      0.67         8
    28_User       0.62      0.83      0.71         6
    29_User       0.33      0.20      0.25         5
     2_User       0.56      0.50      0.53        10
    30_User       0.25      0.20      0.22         5
    31_User       0.40      0.33      0.36         6
    32_User       0.22      0.29      0.25         7
     3_User       0.25      0.20      0.22         5
     4_User       0.83      0.50      0.62        10
     5_User       0.17      0.25      0.20         4
     6_User       0.62      0.83      0.71         6
     7_User       0.06      0.50      0.11         2
     8_User       0.27      1.00      0.43         3
     9_User       0.83      0.71      0.77         7

avg / total       0.45      0.38      0.38       186

The NN model: the confusion svc metrics using MaxAbs:
 [[1 3 0 0 0 0 1 0 0 0 0 0 0 0 0 0 0 0 0 0 0 0 0 0 0 0 0 0 0 2 0]
 [0 2 0 0 0 0 0 0 0 0 0 0 0 0 0 0 0 0 0 0 0 0 0 0 0 0 0 0 0 1 0]
 [0 2 0 0 0 0 0 0 0 0 0 0 0 0 0 0 0 0 0 0 0 0 0 0 2 0 0 0 4 1 0]
 [0 0 0 1 0 0 0 0 0 0 0 0 0 0 0 0 0 0 0 0 0 0 0 0 0 0 0 0 0 0 0]
 [0 0 0 1 2 0 0 0 0 1 0 0 0 0 0 0 0 0 0 0 0 0 0 0 0 0 1 0 0 0 0]
 [0 0 0 0 0 4 0 0 0 0 0 0 0 0 0 0 0 0 0 0 0 0 1 0 0 0 0 0 0 0 0]
 [0 1 0 0 0 0 1 1 0 0 0 1 0 0 0 0 0 0 0 0 0 0 0 0 0 0 0 0 3 0 0]
 [0 1 0 0 0 0 0 1 0 2 0 0 0 0 0 0 0 0 0 1 0 1 0 0 1 0 0 0 0 0 0]
 [0 0 0 1 0 0 0 1 1 0 1 1 0 0 0 0 0 0 0 0 0 0 0 0 0 0 0 0 1 0 0]
 [0 0 0 0 0 0 0 0 0 1 0 0 0 0 0 0 0 0 0 0 0 0 0 0 0 0 0 0 0 0 0]
 [0 0 0 0 0 2 1 0 0 0 1 0 0 0 0 3 0 0 0 0 0 0 0 0 0 0 0 0 1 0 0]
 [0 0 0 1 0 0 0 0 0 0 0 2 0 0 0 0 0 0 0 1 0 0 0 0 0 0 0 0 5 0 0]
 [0 0 0 0 0 0 0 0 0 0 0 0 3 0 0 0 0 0 0 0 0 0 0 0 0 0 0 3 0 0 0]
 [0 0 0 0 0 0 0 0 0 0 0 0 0 5 0 0 0 0 0 0 0 0 0 3 0 0 0 0 0 0 0]
 [0 0 0 0 1 0 0 1 1 0 0 0 0 0 1 0 0 0 0 0 0 2 0 0 0 0 0 0 0 0 0]
 [0 0 0 0 0 0 0 0 0 0 2 0 0 0 0 2 0 0 1 0 0 0 1 1 0 0 0 0 0 1 0]
 [0 0 0 0 0 0 1 0 0 0 0 0 0 0 0 0 2 0 0 0 0 0 0 0 0 0 0 0 0 3 0]
 [0 1 1 0 0 0 0 0 0 2 0 0 0 0 0 0 0 4 0 0 0 0 0 0 0 0 0 0 0 0 0]
 [0 0 0 0 0 1 0 0 0 0 0 0 0 0 0 0 0 0 5 0 0 0 0 0 0 0 0 0 0 0 0]
 [0 0 0 2 0 0 0 0 1 0 0 0 0 0 0 1 0 0 0 1 0 0 0 0 0 0 0 0 0 0 0]
 [0 0 0 0 0 0 0 0 0 0 0 0 0 2 0 0 0 0 0 0 5 0 0 2 0 0 1 0 0 0 0]
 [0 0 0 0 1 0 0 1 0 0 0 0 0 0 1 0 0 0 0 0 0 1 0 0 0 0 1 0 0 0 0]
 [0 0 0 0 0 0 0 1 0 0 0 1 0 0 0 0 0 0 2 0 0 0 2 0 0 0 0 0 0 0 0]
 [0 0 0 0 0 0 0 0 0 0 0 0 0 0 0 0 0 0 0 0 2 0 1 2 0 0 2 0 0 0 0]
 [1 2 0 0 0 0 0 0 0 0 0 0 0 0 0 0 0 0 0 0 0 0 0 0 1 0 0 0 1 0 0]
 [0 0 0 0 0 0 0 0 0 3 0 0 0 0 1 0 0 0 0 0 0 0 0 0 0 5 0 0 0 0 1]
 [0 0 0 0 0 0 0 0 0 0 0 0 0 0 0 0 0 0 0 0 2 0 0 1 0 0 1 0 0 0 0]
 [0 0 0 0 0 0 0 0 0 0 0 0 1 0 0 0 0 0 0 0 0 0 0 0 0 0 0 5 0 0 0]
 [0 0 0 0 0 0 0 0 0 0 0 0 0 0 0 0 1 0 0 0 0 0 0 0 0 0 0 0 1 0 0]
 [0 0 0 0 0 0 0 0 0 0 0 0 0 0 0 0 0 0 0 0 0 0 0 0 0 0 0 0 0 3 0]
 [0 0 0 0 0 0 0 0 0 0 0 0 0 0 1 0 0 0 0 0 0 0 0 0 0 1 0 0 0 0 5]]
The NN model with Pipline: The test set score using Robust:
 0.575268817204
The NN model: The best cross validation score using Robust:
 0.568548387097
The NN model: The best parameters using Robust:
 {'nn__alpha': 0.01, 'nn__hidden_layer_sizes': 10, 'nn__max_iter': 50, 'nn__random_state': 2, 'nn__solver': 'lbfgs'}
The NN model: the classification Report using Robust:
              precision    recall  f1-score   support

    10_User       0.75      0.43      0.55         7
    11_User       0.20      0.67      0.31         3
    12_User       0.70      0.78      0.74         9
    13_User       0.00      0.00      0.00         1
    14_User       0.50      0.60      0.55         5
    15_User       0.67      0.40      0.50         5
    17_User       1.00      0.43      0.60         7
    18_User       0.27      0.43      0.33         7
    19_User       0.33      0.17      0.22         6
     1_User       0.00      0.00      0.00         1
    20_User       0.88      0.88      0.88         8
    21_User       0.50      0.33      0.40         9
    22_User       0.83      0.83      0.83         6
    23_User       0.83      0.62      0.71         8
    24_User       0.67      0.33      0.44         6
    25_User       0.60      0.38      0.46         8
    26_User       0.20      0.17      0.18         6
    27_User       0.60      0.38      0.46         8
    28_User       0.75      1.00      0.86         6
    29_User       0.20      0.20      0.20         5
     2_User       0.90      0.90      0.90        10
    30_User       0.75      0.60      0.67         5
    31_User       0.44      0.67      0.53         6
    32_User       0.44      0.57      0.50         7
     3_User       0.50      0.20      0.29         5
     4_User       0.78      0.70      0.74        10
     5_User       0.50      0.75      0.60         4
     6_User       1.00      1.00      1.00         6
     7_User       0.12      0.50      0.20         2
     8_User       0.38      1.00      0.55         3
     9_User       1.00      0.86      0.92         7

avg / total       0.63      0.58      0.58       186

The NN model: the confusion svc metrics using Robust:
 [[3 2 0 0 0 0 0 0 0 0 0 0 0 0 0 1 0 0 0 0 0 0 0 0 0 0 0 0 0 1 0]
 [0 2 0 0 0 0 0 0 0 0 0 0 0 0 0 0 0 0 0 0 0 0 0 0 1 0 0 0 0 0 0]
 [0 0 7 0 0 0 0 0 0 0 0 0 0 0 0 0 0 2 0 0 0 0 0 0 0 0 0 0 0 0 0]
 [0 0 0 0 0 0 0 0 0 0 0 1 0 0 0 0 0 0 0 0 0 0 0 0 0 0 0 0 0 0 0]
 [0 0 0 0 3 0 0 1 0 0 0 0 0 1 0 0 0 0 0 0 0 0 0 0 0 0 0 0 0 0 0]
 [0 0 0 0 0 2 0 0 0 0 0 0 0 0 0 0 0 0 0 0 0 0 3 0 0 0 0 0 0 0 0]
 [0 0 0 0 0 0 3 1 0 0 0 0 0 0 0 0 1 0 0 1 0 0 0 0 0 0 0 0 1 0 0]
 [0 3 0 0 0 0 0 3 0 0 0 0 0 0 0 0 0 0 0 0 0 1 0 0 0 0 0 0 0 0 0]
 [0 0 0 0 1 1 0 1 1 0 0 1 0 0 0 0 0 0 0 0 0 0 1 0 0 0 0 0 0 0 0]
 [0 0 0 0 0 0 0 1 0 0 0 0 0 0 0 0 0 0 0 0 0 0 0 0 0 0 0 0 0 0 0]
 [0 0 0 0 0 0 0 0 0 0 7 0 0 0 0 0 0 0 0 1 0 0 0 0 0 0 0 0 0 0 0]
 [0 0 0 0 0 0 0 0 2 0 0 3 0 0 0 0 0 0 0 1 0 0 0 0 0 0 0 0 3 0 0]
 [0 0 0 0 0 0 0 0 0 1 0 0 5 0 0 0 0 0 0 0 0 0 0 0 0 0 0 0 0 0 0]
 [0 0 0 0 0 0 0 0 0 0 0 0 0 5 0 0 0 0 0 0 0 0 0 2 0 0 1 0 0 0 0]
 [0 0 0 0 0 0 0 3 0 0 0 0 0 0 2 0 0 0 0 0 0 0 0 0 0 0 1 0 0 0 0]
 [0 0 0 0 0 0 0 0 0 0 1 0 0 0 0 3 0 0 0 0 0 0 0 1 0 0 0 0 0 3 0]
 [0 0 0 0 0 0 0 0 0 0 0 0 0 0 0 0 1 0 1 0 0 0 0 0 0 0 0 0 3 1 0]
 [0 2 1 0 0 0 0 0 0 0 0 0 0 0 0 0 2 3 0 0 0 0 0 0 0 0 0 0 0 0 0]
 [0 0 0 0 0 0 0 0 0 0 0 0 0 0 0 0 0 0 6 0 0 0 0 0 0 0 0 0 0 0 0]
 [0 0 0 0 0 0 0 1 0 0 0 0 0 0 1 1 0 0 0 1 0 0 0 0 0 1 0 0 0 0 0]
 [0 0 0 0 0 0 0 0 0 0 0 0 0 0 0 0 0 0 0 0 9 0 0 1 0 0 0 0 0 0 0]
 [0 0 0 0 1 0 0 0 0 0 0 0 0 0 0 0 0 0 0 1 0 3 0 0 0 0 0 0 0 0 0]
 [0 0 0 0 0 0 0 0 0 0 0 1 0 0 0 0 0 0 1 0 0 0 4 0 0 0 0 0 0 0 0]
 [0 0 0 0 0 0 0 0 0 0 0 0 1 0 0 0 0 0 0 0 1 0 0 4 0 0 1 0 0 0 0]
 [1 1 2 0 0 0 0 0 0 0 0 0 0 0 0 0 0 0 0 0 0 0 0 0 1 0 0 0 0 0 0]
 [0 0 0 0 1 0 0 0 0 1 0 0 0 0 0 0 0 0 0 0 0 0 1 0 0 7 0 0 0 0 0]
 [0 0 0 0 0 0 0 0 0 0 0 0 0 0 0 0 0 0 0 0 0 0 0 1 0 0 3 0 0 0 0]
 [0 0 0 0 0 0 0 0 0 0 0 0 0 0 0 0 0 0 0 0 0 0 0 0 0 0 0 6 0 0 0]
 [0 0 0 0 0 0 0 0 0 0 0 0 0 0 0 0 1 0 0 0 0 0 0 0 0 0 0 0 1 0 0]
 [0 0 0 0 0 0 0 0 0 0 0 0 0 0 0 0 0 0 0 0 0 0 0 0 0 0 0 0 0 3 0]
 [0 0 0 0 0 0 0 0 0 0 0 0 0 0 0 0 0 0 0 0 0 0 0 0 0 1 0 0 0 0 6]]
The NN model with Pipline: The test set score using Normalizer:
 0.0860215053763
The NN model: The best cross validation score using Normalizer:
 0.168010752688
The NN model: The best parameters using Normalizer:
 {'nn__alpha': 0.01, 'nn__hidden_layer_sizes': 10, 'nn__max_iter': 150, 'nn__random_state': 4, 'nn__solver': 'lbfgs'}
The NN model: the classification Report using Normalizer:
              precision    recall  f1-score   support

    10_User       0.00      0.00      0.00         7
    11_User       0.00      0.00      0.00         3
    12_User       0.00      0.00      0.00         9
    13_User       0.00      0.00      0.00         1
    14_User       0.08      0.20      0.11         5
    15_User       0.12      0.60      0.21         5
    17_User       0.00      0.00      0.00         7
    18_User       0.00      0.00      0.00         7
    19_User       0.00      0.00      0.00         6
     1_User       0.00      0.00      0.00         1
    20_User       0.00      0.00      0.00         8
    21_User       0.00      0.00      0.00         9
    22_User       0.00      0.00      0.00         6
    23_User       0.00      0.00      0.00         8
    24_User       0.00      0.00      0.00         6
    25_User       0.00      0.00      0.00         8
    26_User       0.00      0.00      0.00         6
    27_User       0.00      0.00      0.00         8
    28_User       0.43      1.00      0.60         6
    29_User       0.00      0.00      0.00         5
     2_User       0.00      0.00      0.00        10
    30_User       0.00      0.00      0.00         5
    31_User       0.00      0.00      0.00         6
    32_User       0.00      0.00      0.00         7
     3_User       0.00      0.00      0.00         5
     4_User       0.00      0.00      0.00        10
     5_User       0.00      0.00      0.00         4
     6_User       0.00      0.00      0.00         6
     7_User       0.00      0.00      0.00         2
     8_User       0.06      0.67      0.11         3
     9_User       0.27      0.57      0.36         7

avg / total       0.03      0.09      0.04       186

The NN model: the confusion svc metrics using Normalizer:
 [[0 0 0 1 0 0 0 0 0 1 0 0 0 0 0 0 0 0 0 0 0 0 0 0 0 0 1 0 1 3 0]
 [0 0 0 1 0 0 0 0 0 1 0 0 0 0 0 0 0 0 0 0 0 0 0 0 0 0 0 0 0 1 0]
 [0 0 0 3 0 0 0 0 0 0 0 0 0 0 0 0 0 0 0 0 0 0 0 0 0 0 0 0 6 0 0]
 [0 0 0 0 0 0 0 0 0 0 0 0 0 0 0 0 0 0 0 0 0 0 0 0 0 0 1 0 0 0 0]
 [0 0 0 0 1 0 0 0 0 0 0 0 0 0 0 0 0 0 0 0 0 0 0 0 0 0 0 0 2 0 2]
 [0 0 0 0 0 3 0 0 0 0 0 0 0 0 0 0 0 0 1 0 0 0 0 0 0 0 0 0 0 1 0]
 [0 0 0 3 0 0 0 0 0 0 0 0 0 0 0 0 0 0 0 0 0 0 0 0 0 0 1 0 3 0 0]
 [0 0 0 0 0 0 0 0 0 0 0 0 0 0 0 0 0 0 0 0 0 0 0 0 5 0 0 0 2 0 0]
 [0 1 0 3 0 0 0 0 0 0 0 0 0 0 0 0 0 0 0 0 0 0 0 0 0 0 0 0 0 2 0]
 [0 0 0 0 1 0 0 0 0 0 0 0 0 0 0 0 0 0 0 0 0 0 0 0 0 0 0 0 0 0 0]
 [0 0 0 2 0 0 0 0 0 0 0 0 0 0 0 0 0 0 0 0 0 0 0 0 0 0 2 0 0 4 0]
 [0 0 0 3 0 0 0 0 0 0 0 0 0 0 0 0 0 0 0 0 0 0 0 0 1 0 0 0 5 0 0]
 [0 1 0 0 2 0 0 0 0 1 0 0 0 0 0 0 0 0 0 0 0 0 0 0 1 0 0 0 1 0 0]
 [0 0 0 0 0 1 0 0 0 0 0 0 0 0 0 0 0 0 2 0 0 0 0 0 0 0 0 0 0 5 0]
 [0 0 0 1 0 0 0 0 0 3 0 0 0 0 0 0 0 0 0 0 0 0 0 0 2 0 0 0 0 0 0]
 [0 0 0 0 0 7 0 0 0 0 0 0 0 0 0 0 0 0 1 0 0 0 0 0 0 0 0 0 0 0 0]
 [0 0 0 2 0 1 0 0 0 0 0 0 0 0 0 0 0 0 0 0 0 0 0 0 0 0 0 0 0 3 0]
 [0 0 0 1 6 0 0 0 0 0 0 0 0 0 0 0 0 0 0 0 0 0 0 0 0 0 1 0 0 0 0]
 [0 0 0 0 0 0 0 0 0 0 0 0 0 0 0 0 0 0 6 0 0 0 0 0 0 0 0 0 0 0 0]
 [0 0 0 0 0 0 0 0 0 1 0 0 0 0 0 0 0 0 0 0 0 0 0 0 0 0 0 0 3 1 0]
 [0 0 0 1 0 2 0 0 0 0 0 0 0 0 0 0 0 0 0 0 0 0 0 0 0 0 2 0 0 5 0]
 [0 0 0 0 1 0 0 0 0 4 0 0 0 0 0 0 0 0 0 0 0 0 0 0 0 0 0 0 0 0 0]
 [0 0 0 0 0 0 0 0 0 0 0 0 0 0 0 0 0 0 4 0 0 0 0 0 2 0 0 0 0 0 0]
 [0 0 0 0 0 5 0 0 0 0 0 0 0 0 0 0 0 0 0 0 0 0 0 0 0 0 0 0 0 2 0]
 [0 0 0 1 0 0 0 0 0 2 0 0 0 0 0 0 0 0 0 0 0 0 0 0 0 0 0 0 1 1 0]
 [0 0 0 0 0 0 0 0 0 1 0 0 0 0 0 0 0 0 0 0 0 0 0 0 0 0 0 0 0 0 9]
 [0 0 0 0 0 3 0 0 0 0 0 0 0 0 0 0 0 0 0 0 0 0 0 0 0 0 0 0 0 1 0]
 [0 0 0 2 0 1 0 0 0 0 0 0 0 0 0 0 0 0 0 0 0 0 0 0 0 0 0 0 2 1 0]
 [0 0 0 1 0 0 0 0 0 0 0 0 0 0 0 0 0 0 0 0 0 0 0 0 0 0 1 0 0 0 0]
 [0 0 0 0 0 1 0 0 0 0 0 0 0 0 0 0 0 0 0 0 0 0 0 0 0 0 0 0 0 2 0]
 [0 0 0 0 2 0 0 0 0 1 0 0 0 0 0 0 0 0 0 0 0 0 0 0 0 0 0 0 0 0 4]]
