The SVC model: The test set score using MinMax:
 0.639784946237
The SVC model: The best cross validation score using MinMax:
 0.630376344086
The SVC model: The best parameters with selected using MinMax:
 {'svm__C': 10, 'svm__gamma': 0.1}
The SVC model: the classification Report using MinMax:
              precision    recall  f1-score   support

    10_User       0.67      0.57      0.62         7
    11_User       0.17      0.33      0.22         3
    12_User       0.67      0.44      0.53         9
    13_User       0.25      1.00      0.40         1
    14_User       0.67      0.40      0.50         5
    15_User       0.50      1.00      0.67         5
    17_User       0.44      0.57      0.50         7
    18_User       0.60      0.43      0.50         7
    19_User       0.00      0.00      0.00         6
     1_User       0.20      1.00      0.33         1
    20_User       1.00      1.00      1.00         8
    21_User       0.71      0.56      0.63         9
    22_User       1.00      1.00      1.00         6
    23_User       0.67      0.50      0.57         8
    24_User       0.33      0.33      0.33         6
    25_User       0.78      0.88      0.82         8
    26_User       0.67      1.00      0.80         6
    27_User       0.75      0.38      0.50         8
    28_User       1.00      0.83      0.91         6
    29_User       0.40      0.40      0.40         5
     2_User       0.80      0.80      0.80        10
    30_User       0.80      0.80      0.80         5
    31_User       0.75      0.50      0.60         6
    32_User       0.67      0.57      0.62         7
     3_User       0.50      0.40      0.44         5
     4_User       0.90      0.90      0.90        10
     5_User       0.43      0.75      0.55         4
     6_User       1.00      1.00      1.00         6
     7_User       0.40      1.00      0.57         2
     8_User       0.60      1.00      0.75         3
     9_User       1.00      0.29      0.44         7

avg / total       0.68      0.64      0.64       186

The SVC model: the confusion svc metrics using MinMax:
[[4 2 0 0 0 0 0 0 0 0 0 0 0 0 1 0 0 0 0 0 0 0 0 0 0 0 0 0 0 0 0]
 [0 1 0 0 0 0 0 0 0 0 0 0 0 0 0 0 0 0 0 0 0 0 0 0 1 0 0 0 0 1 0]
 [0 0 4 0 0 0 3 0 0 0 0 0 0 0 0 0 1 0 0 0 0 0 0 0 0 0 0 0 1 0 0]
 [0 0 0 1 0 0 0 0 0 0 0 0 0 0 0 0 0 0 0 0 0 0 0 0 0 0 0 0 0 0 0]
 [0 0 0 0 2 0 0 0 0 1 0 0 0 1 1 0 0 0 0 0 0 0 0 0 0 0 0 0 0 0 0]
 [0 0 0 0 0 5 0 0 0 0 0 0 0 0 0 0 0 0 0 0 0 0 0 0 0 0 0 0 0 0 0]
 [0 0 1 0 0 1 4 0 0 0 0 0 0 0 0 0 0 0 0 0 0 0 0 0 0 0 0 0 1 0 0]
 [0 1 0 0 0 0 0 3 0 0 0 0 0 0 1 0 0 0 0 2 0 0 0 0 0 0 0 0 0 0 0]
 [0 0 0 0 0 1 1 1 0 0 0 1 0 0 1 0 0 0 0 0 0 0 1 0 0 0 0 0 0 0 0]
 [0 0 0 0 0 0 0 0 0 1 0 0 0 0 0 0 0 0 0 0 0 0 0 0 0 0 0 0 0 0 0]
 [0 0 0 0 0 0 0 0 0 0 8 0 0 0 0 0 0 0 0 0 0 0 0 0 0 0 0 0 0 0 0]
 [0 0 0 0 0 2 0 0 1 0 0 5 0 0 0 0 0 0 0 0 0 0 0 0 0 0 0 0 1 0 0]
 [0 0 0 0 0 0 0 0 0 0 0 0 6 0 0 0 0 0 0 0 0 0 0 0 0 0 0 0 0 0 0]
 [0 0 0 1 0 0 0 0 0 0 0 0 0 4 0 0 0 0 0 0 2 0 0 0 0 0 1 0 0 0 0]
 [0 0 0 0 1 0 1 1 0 0 0 0 0 0 2 0 0 0 0 0 0 0 0 0 0 0 1 0 0 0 0]
 [0 0 0 0 0 0 0 0 0 0 0 0 0 0 0 7 0 0 0 0 0 0 0 0 0 0 0 0 0 1 0]
 [0 0 0 0 0 0 0 0 0 0 0 0 0 0 0 0 6 0 0 0 0 0 0 0 0 0 0 0 0 0 0]
 [0 2 0 0 0 0 0 0 0 0 0 0 0 0 0 0 2 3 0 0 0 0 0 0 1 0 0 0 0 0 0]
 [1 0 0 0 0 0 0 0 0 0 0 0 0 0 0 0 0 0 5 0 0 0 0 0 0 0 0 0 0 0 0]
 [0 0 0 1 0 0 0 0 1 0 0 0 0 0 0 1 0 0 0 2 0 0 0 0 0 0 0 0 0 0 0]
 [0 0 0 0 0 0 0 0 0 0 0 0 0 1 0 0 0 0 0 0 8 0 0 1 0 0 0 0 0 0 0]
 [0 0 0 0 0 0 0 0 1 0 0 0 0 0 0 0 0 0 0 0 0 4 0 0 0 0 0 0 0 0 0]
 [0 0 0 0 0 1 0 0 0 1 0 1 0 0 0 0 0 0 0 0 0 0 3 0 0 0 0 0 0 0 0]
 [0 0 0 1 0 0 0 0 0 0 0 0 0 0 0 1 0 0 0 0 0 0 0 4 0 0 1 0 0 0 0]
 [1 0 1 0 0 0 0 0 0 0 0 0 0 0 0 0 0 1 0 0 0 0 0 0 2 0 0 0 0 0 0]
 [0 0 0 0 0 0 0 0 0 1 0 0 0 0 0 0 0 0 0 0 0 0 0 0 0 9 0 0 0 0 0]
 [0 0 0 0 0 0 0 0 0 0 0 0 0 0 0 0 0 0 0 1 0 0 0 0 0 0 3 0 0 0 0]
 [0 0 0 0 0 0 0 0 0 0 0 0 0 0 0 0 0 0 0 0 0 0 0 0 0 0 0 6 0 0 0]
 [0 0 0 0 0 0 0 0 0 0 0 0 0 0 0 0 0 0 0 0 0 0 0 0 0 0 0 0 2 0 0]
 [0 0 0 0 0 0 0 0 0 0 0 0 0 0 0 0 0 0 0 0 0 0 0 0 0 0 0 0 0 3 0]
 [0 0 0 0 0 0 0 0 0 1 0 0 0 0 0 0 0 0 0 0 0 1 0 1 0 1 1 0 0 0 2]]
The SVC model: The test set score using Maxabs:
 0.575268817204
The SVC model: The best cross validation score using Maxabs:
 0.572580645161
The SVC model: The best parameters with selected using Maxabs:
 {'svm__C': 100, 'svm__gamma': 0.01}
The SVC model: the classification Report using Maxabs:
              precision    recall  f1-score   support

    10_User       0.67      0.57      0.62         7
    11_User       0.22      0.67      0.33         3
    12_User       0.67      0.44      0.53         9
    13_User       0.20      1.00      0.33         1
    14_User       0.50      0.40      0.44         5
    15_User       0.50      1.00      0.67         5
    17_User       0.38      0.43      0.40         7
    18_User       0.40      0.29      0.33         7
    19_User       0.00      0.00      0.00         6
     1_User       0.25      1.00      0.40         1
    20_User       1.00      0.88      0.93         8
    21_User       0.67      0.44      0.53         9
    22_User       1.00      0.83      0.91         6
    23_User       0.71      0.62      0.67         8
    24_User       0.29      0.33      0.31         6
    25_User       0.88      0.88      0.88         8
    26_User       0.50      0.83      0.62         6
    27_User       1.00      0.25      0.40         8
    28_User       1.00      0.83      0.91         6
    29_User       0.33      0.40      0.36         5
     2_User       0.71      0.50      0.59        10
    30_User       0.83      1.00      0.91         5
    31_User       0.50      0.33      0.40         6
    32_User       0.57      0.57      0.57         7
     3_User       0.40      0.40      0.40         5
     4_User       0.64      0.70      0.67        10
     5_User       0.50      0.75      0.60         4
     6_User       0.86      1.00      0.92         6
     7_User       0.25      0.50      0.33         2
     8_User       0.50      0.33      0.40         3
     9_User       0.75      0.43      0.55         7

avg / total       0.63      0.58      0.57       186

The SVC model: the confusion svc metrics using Maxabs:
[[4 2 0 0 0 0 0 0 0 0 0 0 0 0 1 0 0 0 0 0 0 0 0 0 0 0 0 0 0 0 0]
 [0 2 0 0 0 0 0 0 0 0 0 0 0 0 0 0 0 0 0 0 0 0 0 0 0 0 0 0 0 1 0]
 [0 0 4 0 0 0 2 1 0 0 0 0 0 0 0 0 1 0 0 0 0 0 0 0 0 0 0 0 1 0 0]
 [0 0 0 1 0 0 0 0 0 0 0 0 0 0 0 0 0 0 0 0 0 0 0 0 0 0 0 0 0 0 0]
 [0 0 0 1 2 0 0 0 0 1 0 0 0 0 1 0 0 0 0 0 0 0 0 0 0 0 0 0 0 0 0]
 [0 0 0 0 0 5 0 0 0 0 0 0 0 0 0 0 0 0 0 0 0 0 0 0 0 0 0 0 0 0 0]
 [0 0 1 0 1 1 3 0 0 0 0 0 0 0 0 0 0 0 0 0 0 0 0 0 0 0 0 0 1 0 0]
 [0 1 0 0 0 0 0 2 0 0 0 0 0 0 1 0 0 0 0 2 0 0 0 0 1 0 0 0 0 0 0]
 [0 0 0 0 0 2 0 1 0 0 0 0 0 0 2 0 0 0 0 0 0 0 1 0 0 0 0 0 0 0 0]
 [0 0 0 0 0 0 0 0 0 1 0 0 0 0 0 0 0 0 0 0 0 0 0 0 0 0 0 0 0 0 0]
 [0 0 0 0 0 0 0 0 0 0 7 0 0 0 0 0 0 0 0 0 0 0 0 0 0 1 0 0 0 0 0]
 [0 0 0 0 0 1 2 0 2 0 0 4 0 0 0 0 0 0 0 0 0 0 0 0 0 0 0 0 0 0 0]
 [0 0 0 0 0 0 0 0 0 0 0 0 5 0 0 0 0 0 0 0 0 0 0 0 0 0 0 1 0 0 0]
 [0 0 0 0 0 0 0 0 0 0 0 0 0 5 0 0 0 0 0 0 2 0 0 0 0 0 1 0 0 0 0]
 [0 0 0 0 0 0 0 1 0 0 0 0 0 0 2 0 0 0 0 2 0 0 0 0 0 0 0 0 0 0 1]
 [0 1 0 0 0 0 0 0 0 0 0 0 0 0 0 7 0 0 0 0 0 0 0 0 0 0 0 0 0 0 0]
 [0 0 0 0 0 0 0 0 0 0 0 0 0 0 0 0 5 0 0 0 0 0 0 0 0 0 0 0 1 0 0]
 [0 2 0 0 0 0 0 0 0 0 0 0 0 0 0 0 2 2 0 0 0 0 0 0 2 0 0 0 0 0 0]
 [1 0 0 0 0 0 0 0 0 0 0 0 0 0 0 0 0 0 5 0 0 0 0 0 0 0 0 0 0 0 0]
 [0 0 0 2 0 0 0 0 0 0 0 0 0 0 0 1 0 0 0 2 0 0 0 0 0 0 0 0 0 0 0]
 [0 0 0 0 0 0 0 0 0 0 0 0 0 1 0 0 0 0 0 0 5 1 0 3 0 0 0 0 0 0 0]
 [0 0 0 0 0 0 0 0 0 0 0 0 0 0 0 0 0 0 0 0 0 5 0 0 0 0 0 0 0 0 0]
 [0 0 0 0 0 1 0 0 0 1 0 1 0 0 0 0 0 0 0 0 0 0 2 0 0 0 1 0 0 0 0]
 [0 0 0 0 0 0 0 0 0 0 0 0 0 1 0 0 0 0 0 0 0 0 1 4 0 1 0 0 0 0 0]
 [1 0 1 0 0 0 0 0 0 0 0 0 0 0 0 0 1 0 0 0 0 0 0 0 2 0 0 0 0 0 0]
 [0 0 0 0 1 0 0 0 0 1 0 1 0 0 0 0 0 0 0 0 0 0 0 0 0 7 0 0 0 0 0]
 [0 0 0 1 0 0 0 0 0 0 0 0 0 0 0 0 0 0 0 0 0 0 0 0 0 0 3 0 0 0 0]
 [0 0 0 0 0 0 0 0 0 0 0 0 0 0 0 0 0 0 0 0 0 0 0 0 0 0 0 6 0 0 0]
 [0 0 0 0 0 0 1 0 0 0 0 0 0 0 0 0 0 0 0 0 0 0 0 0 0 0 0 0 1 0 0]
 [0 1 0 0 0 0 0 0 0 0 0 0 0 0 0 0 1 0 0 0 0 0 0 0 0 0 0 0 0 1 0]
 [0 0 0 0 0 0 0 0 1 0 0 0 0 0 0 0 0 0 0 0 0 0 0 0 0 2 1 0 0 0 3]]
The SVC model: The test set score using Robust:
 0.596774193548
The SVC model: The best cross validation score using Robust:
 0.592741935484
The SVC model: The best parameters with selected using Robust:
 {'svm__C': 100, 'svm__gamma': 0.001}
The SVC model: the classification Report using Robust:
              precision    recall  f1-score   support

    10_User       0.71      0.71      0.71         7
    11_User       0.14      0.33      0.20         3
    12_User       0.71      0.56      0.63         9
    13_User       0.00      0.00      0.00         1
    14_User       0.50      0.60      0.55         5
    15_User       0.67      0.80      0.73         5
    17_User       0.42      0.71      0.53         7
    18_User       0.38      0.43      0.40         7
    19_User       1.00      0.17      0.29         6
     1_User       1.00      1.00      1.00         1
    20_User       1.00      1.00      1.00         8
    21_User       0.83      0.56      0.67         9
    22_User       0.56      0.83      0.67         6
    23_User       0.43      0.38      0.40         8
    24_User       0.25      0.33      0.29         6
    25_User       0.88      0.88      0.88         8
    26_User       0.43      0.50      0.46         6
    27_User       1.00      0.25      0.40         8
    28_User       1.00      0.83      0.91         6
    29_User       0.75      0.60      0.67         5
     2_User       0.73      0.80      0.76        10
    30_User       0.67      0.80      0.73         5
    31_User       0.40      0.33      0.36         6
    32_User       0.80      0.57      0.67         7
     3_User       0.40      0.40      0.40         5
     4_User       0.88      0.70      0.78        10
     5_User       0.40      1.00      0.57         4
     6_User       1.00      0.50      0.67         6
     7_User       0.50      1.00      0.67         2
     8_User       0.25      0.33      0.29         3
     9_User       0.60      0.43      0.50         7

avg / total       0.67      0.60      0.60       186

The SVC model: the confusion svc metrics using Robust:
[[5 1 0 0 0 0 0 0 0 0 0 0 0 0 0 1 0 0 0 0 0 0 0 0 0 0 0 0 0 0 0]
 [0 1 0 0 0 0 0 0 0 0 0 0 0 0 0 0 0 0 0 0 0 0 0 0 1 0 0 0 0 1 0]
 [0 0 5 0 0 0 4 0 0 0 0 0 0 0 0 0 0 0 0 0 0 0 0 0 0 0 0 0 0 0 0]
 [0 0 0 0 0 0 0 0 0 0 0 0 0 1 0 0 0 0 0 0 0 0 0 0 0 0 0 0 0 0 0]
 [0 0 0 0 3 0 0 0 0 0 0 0 0 1 1 0 0 0 0 0 0 0 0 0 0 0 0 0 0 0 0]
 [0 0 0 0 0 4 1 0 0 0 0 0 0 0 0 0 0 0 0 0 0 0 0 0 0 0 0 0 0 0 0]
 [0 0 1 0 0 0 5 0 0 0 0 0 0 0 0 0 0 0 0 0 0 0 0 0 0 0 0 0 1 0 0]
 [0 2 0 0 0 0 0 3 0 0 0 0 0 0 1 0 0 0 0 1 0 0 0 0 0 0 0 0 0 0 0]
 [0 0 0 0 0 1 0 1 1 0 0 0 0 0 2 0 0 0 0 0 0 0 1 0 0 0 0 0 0 0 0]
 [0 0 0 0 0 0 0 0 0 1 0 0 0 0 0 0 0 0 0 0 0 0 0 0 0 0 0 0 0 0 0]
 [0 0 0 0 0 0 0 0 0 0 8 0 0 0 0 0 0 0 0 0 0 0 0 0 0 0 0 0 0 0 0]
 [0 0 0 0 1 1 2 0 0 0 0 5 0 0 0 0 0 0 0 0 0 0 0 0 0 0 0 0 0 0 0]
 [0 0 0 0 0 0 0 0 0 0 0 0 5 0 0 0 0 0 0 0 0 0 0 0 0 0 0 0 0 0 1]
 [0 0 0 1 0 0 0 0 0 0 0 0 0 3 0 0 0 0 0 0 3 0 0 0 0 0 1 0 0 0 0]
 [0 0 0 0 1 0 0 2 0 0 0 0 0 0 2 0 0 0 0 0 0 0 0 0 0 0 1 0 0 0 0]
 [0 0 0 0 0 0 0 0 0 0 0 0 0 0 0 7 0 0 0 0 0 0 0 0 0 0 0 0 0 1 0]
 [0 0 1 0 0 0 0 0 0 0 0 0 0 0 0 0 3 0 0 0 0 0 0 0 0 0 0 0 1 1 0]
 [0 2 0 0 0 0 0 0 0 0 0 0 0 0 0 0 2 2 0 0 0 0 0 0 2 0 0 0 0 0 0]
 [1 0 0 0 0 0 0 0 0 0 0 0 0 0 0 0 0 0 5 0 0 0 0 0 0 0 0 0 0 0 0]
 [0 0 0 0 0 0 0 1 0 0 0 0 0 0 0 0 0 0 0 3 0 0 0 0 0 0 0 0 0 0 1]
 [0 0 0 0 0 0 0 0 0 0 0 0 0 1 0 0 0 0 0 0 8 0 0 1 0 0 0 0 0 0 0]
 [0 0 0 0 0 0 0 0 0 0 0 0 0 0 0 0 0 0 0 0 0 4 0 0 0 0 1 0 0 0 0]
 [0 0 0 0 0 0 0 1 0 0 0 1 0 1 0 0 0 0 0 0 0 0 2 0 0 0 1 0 0 0 0]
 [0 0 0 0 0 0 0 0 0 0 0 0 1 0 0 0 0 0 0 0 0 1 0 4 0 0 1 0 0 0 0]
 [1 0 0 0 0 0 0 0 0 0 0 0 0 0 0 0 1 0 0 0 0 0 1 0 2 0 0 0 0 0 0]
 [0 0 0 0 1 0 0 0 0 0 0 0 0 0 1 0 0 0 0 0 0 0 1 0 0 7 0 0 0 0 0]
 [0 0 0 0 0 0 0 0 0 0 0 0 0 0 0 0 0 0 0 0 0 0 0 0 0 0 4 0 0 0 0]
 [0 0 0 0 0 0 0 0 0 0 0 0 3 0 0 0 0 0 0 0 0 0 0 0 0 0 0 3 0 0 0]
 [0 0 0 0 0 0 0 0 0 0 0 0 0 0 0 0 0 0 0 0 0 0 0 0 0 0 0 0 2 0 0]
 [0 1 0 0 0 0 0 0 0 0 0 0 0 0 0 0 1 0 0 0 0 0 0 0 0 0 0 0 0 1 0]
 [0 0 0 0 0 0 0 0 0 0 0 0 0 0 1 0 0 0 0 0 0 1 0 0 0 1 1 0 0 0 3]]
The SVC model: The test set score using Normalizer:
 0.198924731183
The SVC model: The best cross validation score using Normalizer:
 0.188172043011
The SVC model: The best parameters with selected using Normalizer:
 {'svm__C': 100, 'svm__gamma': 100}
The SVC model: the classification Report using Normalizer:
              precision    recall  f1-score   support

    10_User       0.00      0.00      0.00         7
    11_User       0.00      0.00      0.00         3
    12_User       0.00      0.00      0.00         9
    13_User       0.03      1.00      0.06         1
    14_User       0.00      0.00      0.00         5
    15_User       0.22      0.40      0.29         5
    17_User       0.00      0.00      0.00         7
    18_User       0.33      0.14      0.20         7
    19_User       0.00      0.00      0.00         6
     1_User       0.00      0.00      0.00         1
    20_User       0.26      0.62      0.37         8
    21_User       0.00      0.00      0.00         9
    22_User       1.00      0.17      0.29         6
    23_User       0.00      0.00      0.00         8
    24_User       0.00      0.00      0.00         6
    25_User       0.21      0.75      0.33         8
    26_User       0.00      0.00      0.00         6
    27_User       0.00      0.00      0.00         8
    28_User       0.50      0.83      0.62         6
    29_User       0.00      0.00      0.00         5
     2_User       0.00      0.00      0.00        10
    30_User       0.44      0.80      0.57         5
    31_User       0.00      0.00      0.00         6
    32_User       0.00      0.00      0.00         7
     3_User       0.00      0.00      0.00         5
     4_User       0.86      0.60      0.71        10
     5_User       0.00      0.00      0.00         4
     6_User       0.00      0.00      0.00         6
     7_User       0.00      0.00      0.00         2
     8_User       0.25      0.67      0.36         3
     9_User       0.44      0.57      0.50         7

avg / total       0.17      0.20      0.15       186

The SVC model: the confusion svc metrics using Normalizer:
[[0 0 0 2 0 0 0 0 0 1 1 0 0 0 0 2 0 0 0 0 0 0 0 0 0 0 0 0 1 0 0]
 [0 0 0 1 0 0 0 0 0 1 0 0 0 0 0 0 0 0 0 0 0 0 0 0 0 0 0 0 0 1 0]
 [0 0 0 3 0 0 0 0 0 0 0 0 0 0 0 0 0 0 0 0 0 0 0 0 0 0 0 0 6 0 0]
 [0 0 0 1 0 0 0 0 0 0 0 0 0 0 0 0 0 0 0 0 0 0 0 0 0 0 0 0 0 0 0]
 [0 0 0 0 0 0 0 0 0 0 0 0 0 0 0 0 0 0 0 0 0 0 0 0 0 1 0 0 2 0 2]
 [0 0 0 0 0 2 0 0 0 0 0 0 0 0 0 3 0 0 0 0 0 0 0 0 0 0 0 0 0 0 0]
 [0 0 0 5 0 0 0 0 0 0 0 0 0 0 0 0 0 0 0 0 0 0 0 0 0 0 0 0 2 0 0]
 [0 0 0 1 0 0 0 1 0 1 0 0 0 0 0 0 0 0 0 0 0 0 0 0 0 0 0 0 4 0 0]
 [0 0 0 3 0 0 0 0 0 0 2 0 0 0 0 0 0 0 0 0 0 0 0 0 0 0 0 0 1 0 0]
 [0 0 0 0 0 0 0 0 0 0 0 0 0 0 0 0 0 0 0 0 0 1 0 0 0 0 0 0 0 0 0]
 [0 0 0 2 0 0 0 0 0 0 5 0 0 0 0 0 0 0 0 0 0 0 0 0 0 0 0 0 0 1 0]
 [0 0 0 3 0 0 0 0 0 0 0 0 0 0 0 0 0 0 0 0 0 0 0 0 0 0 0 0 6 0 0]
 [0 0 0 0 0 0 0 1 0 1 0 0 1 0 0 0 0 0 0 0 0 1 0 0 0 0 0 0 2 0 0]
 [0 0 0 0 0 1 0 0 0 0 3 0 0 0 0 3 0 0 1 0 0 0 0 0 0 0 0 0 0 0 0]
 [0 0 0 1 0 0 0 1 0 3 0 0 0 0 0 0 0 0 0 0 0 0 0 0 0 0 0 0 1 0 0]
 [0 0 0 0 0 2 0 0 0 0 0 0 0 0 0 6 0 0 0 0 0 0 0 0 0 0 0 0 0 0 0]
 [0 0 0 2 0 0 0 0 0 0 1 0 0 0 0 2 0 0 0 0 0 0 0 0 0 0 0 0 0 1 0]
 [0 0 0 1 2 0 0 0 0 4 1 0 0 0 0 0 0 0 0 0 0 0 0 0 0 0 0 0 0 0 0]
 [0 0 0 0 0 1 0 0 0 0 0 0 0 0 0 0 0 0 5 0 0 0 0 0 0 0 0 0 0 0 0]
 [0 0 0 1 0 0 0 0 0 1 1 0 0 0 0 0 0 0 0 0 0 0 0 0 0 0 0 0 2 0 0]
 [0 0 0 2 0 1 0 0 0 0 4 0 0 0 0 2 0 0 0 0 0 0 0 0 0 0 0 0 0 1 0]
 [0 0 0 0 0 0 0 0 0 1 0 0 0 0 0 0 0 0 0 0 0 4 0 0 0 0 0 0 0 0 0]
 [0 0 0 0 0 0 0 0 0 1 0 0 0 0 0 0 0 0 4 0 0 0 0 0 0 0 0 0 1 0 0]
 [0 0 0 0 0 2 0 0 0 0 0 0 0 0 0 4 0 0 0 0 0 0 0 0 0 0 0 0 0 1 0]
 [0 0 0 1 0 0 0 0 0 2 0 0 0 0 0 0 0 0 0 0 0 0 0 0 0 0 0 0 1 1 0]
 [0 0 0 0 0 0 0 0 0 0 0 0 0 0 0 0 0 0 0 0 0 1 0 0 0 6 0 0 0 0 3]
 [0 0 0 0 0 0 0 0 0 0 1 0 0 0 0 3 0 0 0 0 0 0 0 0 0 0 0 0 0 0 0]
 [0 0 0 2 0 0 0 0 0 0 0 0 0 0 0 2 0 0 0 0 0 0 0 0 0 0 0 0 2 0 0]
 [0 0 0 2 0 0 0 0 0 0 0 0 0 0 0 0 0 0 0 0 0 0 0 0 0 0 0 0 0 0 0]
 [0 0 0 0 0 0 0 0 0 0 0 0 0 0 0 1 0 0 0 0 0 0 0 0 0 0 0 0 0 2 0]
 [0 0 0 0 0 0 0 0 0 1 0 0 0 0 0 0 0 0 0 0 0 2 0 0 0 0 0 0 0 0 4]]
