The DT model: The test set score using MinMax:
 0.456989247312
The DT model: The best cross validation score using MinMax:
 0.426075268817
The DT model: The best parameters using MinMax:
 {'dt__criterion': 'entropy', 'dt__max_depth': 12, 'dt__min_samples_leaf': 1, 'dt__min_samples_split': 2, 'dt__presort': True}
The DT model: the classification Report using MinMax:
              precision    recall  f1-score   support

    10_User       0.50      0.29      0.36         7
    11_User       0.17      0.33      0.22         3
    12_User       0.75      0.67      0.71         9
    13_User       0.00      0.00      0.00         1
    14_User       0.25      0.40      0.31         5
    15_User       0.67      0.40      0.50         5
    17_User       0.38      0.43      0.40         7
    18_User       0.33      0.29      0.31         7
    19_User       0.20      0.17      0.18         6
     1_User       0.20      1.00      0.33         1
    20_User       0.80      0.50      0.62         8
    21_User       0.50      0.33      0.40         9
    22_User       0.86      1.00      0.92         6
    23_User       0.50      0.25      0.33         8
    24_User       0.33      0.17      0.22         6
    25_User       0.62      0.62      0.62         8
    26_User       0.75      0.50      0.60         6
    27_User       0.67      0.50      0.57         8
    28_User       0.44      0.67      0.53         6
    29_User       0.25      0.20      0.22         5
     2_User       0.33      0.30      0.32        10
    30_User       0.33      0.40      0.36         5
    31_User       0.50      0.50      0.50         6
    32_User       0.40      0.57      0.47         7
     3_User       0.29      0.40      0.33         5
     4_User       0.50      0.60      0.55        10
     5_User       0.17      0.25      0.20         4
     6_User       1.00      1.00      1.00         6
     7_User       0.25      0.50      0.33         2
     8_User       0.25      0.33      0.29         3
     9_User       1.00      0.43      0.60         7

avg / total       0.51      0.46      0.46       186

The DT model: the confusion svc metrics using MinMax:
 [[2 1 0 0 2 0 0 0 0 1 0 0 0 0 0 1 0 0 0 0 0 0 0 0 0 0 0 0 0 0 0]
 [0 1 0 0 0 0 0 0 0 0 0 0 0 0 0 0 1 0 0 0 0 0 0 0 0 0 0 0 0 1 0]
 [0 0 6 0 0 0 2 0 0 0 0 0 0 0 0 0 0 1 0 0 0 0 0 0 0 0 0 0 0 0 0]
 [0 0 0 0 0 0 0 0 0 0 0 0 0 0 0 0 0 0 0 0 0 0 0 0 0 0 1 0 0 0 0]
 [0 0 0 0 2 0 0 1 0 0 0 1 0 0 0 0 0 0 0 0 0 0 0 0 0 1 0 0 0 0 0]
 [0 0 0 2 0 2 0 0 0 0 0 0 0 0 0 0 0 0 1 0 0 0 0 0 0 0 0 0 0 0 0]
 [0 0 0 0 0 0 3 0 0 1 0 0 0 0 0 0 0 1 0 1 0 1 0 0 0 0 0 0 0 0 0]
 [0 3 0 0 1 0 0 2 1 0 0 0 0 0 0 0 0 0 0 0 0 0 0 0 0 0 0 0 0 0 0]
 [0 0 0 0 0 0 1 0 1 0 0 1 0 0 0 1 0 0 0 0 0 1 1 0 0 0 0 0 0 0 0]
 [0 0 0 0 0 0 0 0 0 1 0 0 0 0 0 0 0 0 0 0 0 0 0 0 0 0 0 0 0 0 0]
 [0 0 0 0 1 0 1 0 0 0 4 0 0 0 0 0 0 0 0 0 0 0 0 0 0 1 0 0 0 1 0]
 [0 0 0 0 0 0 0 0 2 0 0 3 0 0 0 0 0 0 0 1 0 0 1 0 0 0 0 0 2 0 0]
 [0 0 0 0 0 0 0 0 0 0 0 0 6 0 0 0 0 0 0 0 0 0 0 0 0 0 0 0 0 0 0]
 [0 0 0 0 0 0 0 0 0 0 0 1 0 2 0 0 0 0 0 0 2 0 0 2 0 0 1 0 0 0 0]
 [0 0 0 0 1 0 1 1 1 0 0 0 0 0 1 0 0 0 0 1 0 0 0 0 0 0 0 0 0 0 0]
 [0 0 0 0 0 0 0 1 0 0 1 0 0 0 0 5 0 0 1 0 0 0 0 0 0 0 0 0 0 0 0]
 [0 0 0 0 0 1 0 0 0 0 0 0 0 0 0 0 3 0 0 0 0 0 0 0 1 0 0 0 1 0 0]
 [0 0 1 0 0 0 0 0 0 0 0 0 0 0 0 0 0 4 0 0 0 0 0 0 3 0 0 0 0 0 0]
 [0 0 0 0 0 0 0 0 0 0 0 0 0 0 0 1 0 0 4 0 0 0 0 0 1 0 0 0 0 0 0]
 [0 0 0 0 0 0 0 1 0 0 0 0 0 0 0 0 0 0 0 1 0 1 0 0 0 1 0 0 0 1 0]
 [0 0 0 0 0 0 0 0 0 0 0 0 1 1 0 0 0 0 0 0 3 0 0 4 0 0 1 0 0 0 0]
 [0 0 0 2 0 0 0 0 0 1 0 0 0 0 0 0 0 0 0 0 0 2 0 0 0 0 0 0 0 0 0]
 [0 0 0 0 0 0 0 0 0 0 0 0 0 0 0 0 0 0 2 0 0 1 3 0 0 0 0 0 0 0 0]
 [0 0 0 0 0 0 0 0 0 0 0 0 0 1 0 0 0 0 0 0 2 0 0 4 0 0 0 0 0 0 0]
 [0 0 1 0 0 0 0 0 0 0 0 0 0 0 0 0 0 0 1 0 0 0 0 0 2 0 1 0 0 0 0]
 [0 0 0 0 1 0 0 0 0 1 0 0 0 0 1 0 0 0 0 0 0 0 1 0 0 6 0 0 0 0 0]
 [0 0 0 0 0 0 0 0 0 0 0 0 0 0 0 0 0 0 0 0 2 0 0 0 0 1 1 0 0 0 0]
 [0 0 0 0 0 0 0 0 0 0 0 0 0 0 0 0 0 0 0 0 0 0 0 0 0 0 0 6 0 0 0]
 [1 0 0 0 0 0 0 0 0 0 0 0 0 0 0 0 0 0 0 0 0 0 0 0 0 0 0 0 1 0 0]
 [1 1 0 0 0 0 0 0 0 0 0 0 0 0 0 0 0 0 0 0 0 0 0 0 0 0 0 0 0 1 0]
 [0 0 0 0 0 0 0 0 0 0 0 0 0 0 1 0 0 0 0 0 0 0 0 0 0 2 1 0 0 0 3]]
The DT model: The test set score using MaxAbs:
 0.381720430108
The DT model: The best cross validation score using MaxAbs:
 0.418010752688
The DT model: The best parameters using MaxAbs:
 {'dt__criterion': 'entropy', 'dt__max_depth': 12, 'dt__min_samples_leaf': 1, 'dt__min_samples_split': 2, 'dt__presort': True}
The DT model: the classification Report using MaxAbs:
              precision    recall  f1-score   support

    10_User       0.25      0.14      0.18         7
    11_User       0.12      0.33      0.18         3
    12_User       0.71      0.56      0.63         9
    13_User       0.00      0.00      0.00         1
    14_User       0.20      0.40      0.27         5
    15_User       0.50      0.40      0.44         5
    17_User       0.50      0.57      0.53         7
    18_User       0.12      0.14      0.13         7
    19_User       0.00      0.00      0.00         6
     1_User       0.20      1.00      0.33         1
    20_User       1.00      0.50      0.67         8
    21_User       0.33      0.22      0.27         9
    22_User       0.75      0.50      0.60         6
    23_User       0.25      0.12      0.17         8
    24_User       0.25      0.17      0.20         6
    25_User       0.56      0.62      0.59         8
    26_User       0.75      0.50      0.60         6
    27_User       0.67      0.50      0.57         8
    28_User       0.50      0.67      0.57         6
    29_User       0.00      0.00      0.00         5
     2_User       0.50      0.40      0.44        10
    30_User       0.25      0.40      0.31         5
    31_User       0.33      0.33      0.33         6
    32_User       0.29      0.29      0.29         7
     3_User       0.33      0.20      0.25         5
     4_User       0.56      0.50      0.53        10
     5_User       0.12      0.25      0.17         4
     6_User       0.56      0.83      0.67         6
     7_User       0.25      0.50      0.33         2
     8_User       0.14      0.33      0.20         3
     9_User       0.75      0.43      0.55         7

avg / total       0.43      0.38      0.39       186

The DT model: the confusion svc metrics using MaxAbs:
 [[1 1 0 0 1 0 0 0 0 1 0 0 0 0 0 2 0 0 0 0 0 0 0 0 0 0 0 0 0 1 0]
 [0 1 0 0 0 0 0 0 0 0 0 0 0 0 0 0 1 0 0 0 0 0 0 0 0 0 0 0 0 1 0]
 [0 0 5 0 0 0 2 0 0 0 0 0 0 0 0 0 0 1 0 0 0 0 0 0 0 0 0 0 0 1 0]
 [0 0 0 0 0 0 0 0 0 0 0 0 0 0 0 0 0 0 0 0 0 0 0 0 0 0 1 0 0 0 0]
 [0 0 0 0 2 0 0 0 0 1 0 0 0 0 0 0 0 0 0 0 0 1 0 0 0 1 0 0 0 0 0]
 [0 0 0 2 0 2 0 0 0 0 0 0 0 0 0 0 0 0 1 0 0 0 0 0 0 0 0 0 0 0 0]
 [0 0 0 0 0 0 4 0 0 0 0 0 0 0 0 0 0 1 0 0 0 2 0 0 0 0 0 0 0 0 0]
 [0 2 0 0 1 0 0 1 1 0 0 0 0 0 0 1 0 0 0 0 0 0 0 0 0 0 0 0 0 1 0]
 [0 0 0 0 0 0 2 0 0 0 0 1 0 0 0 1 0 0 0 0 0 1 1 0 0 0 0 0 0 0 0]
 [0 0 0 0 0 0 0 0 0 1 0 0 0 0 0 0 0 0 0 0 0 0 0 0 0 0 0 0 0 0 0]
 [0 0 0 0 2 0 0 0 1 0 4 0 0 0 0 0 0 0 0 0 0 0 0 0 0 0 0 0 0 1 0]
 [0 0 0 1 0 0 0 1 1 0 0 2 0 0 0 0 0 0 0 1 0 0 2 0 0 0 0 0 1 0 0]
 [0 0 0 0 0 0 0 0 0 0 0 0 3 0 0 0 0 0 0 0 0 0 0 0 0 0 0 3 0 0 0]
 [0 0 0 0 0 0 0 0 0 0 0 1 0 1 0 0 0 0 0 0 2 0 0 3 0 0 1 0 0 0 0]
 [0 0 0 0 1 0 0 2 1 1 0 0 0 0 1 0 0 0 0 0 0 0 0 0 0 0 0 0 0 0 0]
 [1 1 0 0 0 0 0 0 0 0 0 0 0 0 0 5 0 0 1 0 0 0 0 0 0 0 0 0 0 0 0]
 [0 0 0 0 0 1 0 1 0 0 0 0 0 0 0 0 3 0 0 0 0 0 0 0 0 0 0 0 1 0 0]
 [0 0 1 0 1 0 0 0 0 0 0 0 0 0 0 0 0 4 0 0 0 0 0 0 2 0 0 0 0 0 0]
 [0 1 0 0 0 0 0 0 0 0 0 0 0 0 0 0 0 0 4 0 0 0 0 0 0 0 0 0 0 1 0]
 [1 0 0 1 0 0 0 1 0 0 0 0 0 0 0 0 0 0 0 0 0 1 0 0 0 1 0 0 0 0 0]
 [0 0 0 0 0 0 0 0 0 0 0 0 0 1 0 0 0 0 0 0 4 0 0 2 0 0 2 1 0 0 0]
 [0 0 0 1 0 0 0 0 0 1 0 0 0 0 0 0 0 0 0 0 0 2 0 0 0 0 0 0 1 0 0]
 [0 0 0 0 0 0 0 0 0 0 0 1 0 0 0 0 0 0 2 0 0 1 2 0 0 0 0 0 0 0 0]
 [0 0 0 0 0 0 0 0 0 0 0 0 0 2 0 0 0 0 0 0 1 0 0 2 0 0 2 0 0 0 0]
 [0 1 1 0 1 0 0 1 0 0 0 0 0 0 0 0 0 0 0 0 0 0 0 0 1 0 0 0 0 0 0]
 [0 0 0 0 1 0 0 1 0 0 0 0 0 0 2 0 0 0 0 0 0 0 1 0 0 5 0 0 0 0 0]
 [0 0 0 0 0 0 0 0 0 0 0 1 0 0 0 0 0 0 0 0 1 0 0 0 0 0 1 0 0 0 1]
 [0 0 0 0 0 0 0 0 0 0 0 0 1 0 0 0 0 0 0 0 0 0 0 0 0 0 0 5 0 0 0]
 [0 0 0 0 0 1 0 0 0 0 0 0 0 0 0 0 0 0 0 0 0 0 0 0 0 0 0 0 1 0 0]
 [1 1 0 0 0 0 0 0 0 0 0 0 0 0 0 0 0 0 0 0 0 0 0 0 0 0 0 0 0 1 0]
 [0 0 0 0 0 0 0 0 0 0 0 0 0 0 1 0 0 0 0 0 0 0 0 0 0 2 1 0 0 0 3]]
The DT model: The test set score using Robust:
 0.365591397849
The DT model: The best cross validation score using Robust:
 0.423387096774
The DT model: The best parameters using Robust:
 {'dt__criterion': 'entropy', 'dt__max_depth': 11, 'dt__min_samples_leaf': 1, 'dt__min_samples_split': 2, 'dt__presort': False}
The DT model: the classification Report using Robust:
              precision    recall  f1-score   support

    10_User       0.50      0.29      0.36         7
    11_User       0.12      0.33      0.18         3
    12_User       0.71      0.56      0.63         9
    13_User       0.00      0.00      0.00         1
    14_User       0.20      0.40      0.27         5
    15_User       0.67      0.40      0.50         5
    17_User       0.60      0.43      0.50         7
    18_User       0.29      0.29      0.29         7
    19_User       0.12      0.17      0.14         6
     1_User       0.20      1.00      0.33         1
    20_User       0.80      0.50      0.62         8
    21_User       0.17      0.11      0.13         9
    22_User       0.80      0.67      0.73         6
    23_User       0.50      0.12      0.20         8
    24_User       0.25      0.17      0.20         6
    25_User       0.43      0.38      0.40         8
    26_User       0.75      0.50      0.60         6
    27_User       0.57      0.50      0.53         8
    28_User       0.56      0.83      0.67         6
    29_User       0.17      0.20      0.18         5
     2_User       0.44      0.40      0.42        10
    30_User       0.20      0.20      0.20         5
    31_User       0.00      0.00      0.00         6
    32_User       0.00      0.00      0.00         7
     3_User       0.25      0.20      0.22         5
     4_User       0.50      0.50      0.50        10
     5_User       0.12      0.25      0.17         4
     6_User       0.62      0.83      0.71         6
     7_User       0.17      0.50      0.25         2
     8_User       0.25      0.33      0.29         3
     9_User       0.60      0.43      0.50         7

avg / total       0.42      0.37      0.37       186

The DT model: the confusion svc metrics using Robust:
 [[2 1 0 0 1 0 0 0 0 1 0 0 0 0 0 1 0 1 0 0 0 0 0 0 0 0 0 0 0 0 0]
 [0 1 0 0 0 0 0 0 0 0 0 0 0 0 0 0 1 0 0 0 0 0 0 0 0 0 0 0 0 1 0]
 [0 0 5 0 0 0 2 0 0 0 0 0 0 0 0 0 0 1 0 0 0 0 0 0 1 0 0 0 0 0 0]
 [0 0 0 0 0 0 0 0 0 0 0 0 0 0 0 0 0 0 0 0 0 0 0 0 0 0 1 0 0 0 0]
 [0 0 0 0 2 0 0 0 0 2 0 1 0 0 0 0 0 0 0 0 0 0 0 0 0 0 0 0 0 0 0]
 [0 0 0 0 0 2 0 0 2 0 0 0 0 0 0 0 0 0 1 0 0 0 0 0 0 0 0 0 0 0 0]
 [0 0 0 0 0 0 3 0 0 0 0 0 0 0 0 0 0 1 0 1 0 2 0 0 0 0 0 0 0 0 0]
 [0 3 0 0 1 0 0 2 1 0 0 0 0 0 0 0 0 0 0 0 0 0 0 0 0 0 0 0 0 0 0]
 [0 0 0 0 1 0 0 0 1 0 0 1 0 0 0 1 0 0 0 1 0 0 1 0 0 0 0 0 0 0 0]
 [0 0 0 0 0 0 0 0 0 1 0 0 0 0 0 0 0 0 0 0 0 0 0 0 0 0 0 0 0 0 0]
 [0 0 0 0 1 0 0 0 1 0 4 0 0 0 0 0 0 0 0 0 0 0 0 0 0 1 0 0 0 1 0]
 [0 0 0 1 0 0 0 0 2 0 0 1 0 0 0 0 0 0 0 1 0 0 2 0 0 0 0 0 2 0 0]
 [0 0 0 0 0 0 0 0 0 0 0 0 4 0 0 0 0 0 0 0 0 0 0 0 0 0 0 2 0 0 0]
 [0 0 0 0 0 0 0 0 0 0 0 1 0 1 0 0 0 0 0 0 3 0 0 1 0 0 2 0 0 0 0]
 [0 1 0 0 1 0 0 1 1 0 0 0 0 0 1 0 0 0 0 1 0 0 0 0 0 0 0 0 0 0 0]
 [0 0 0 0 0 0 0 1 0 0 1 0 0 0 0 3 0 0 1 0 0 0 1 0 0 0 0 0 0 1 0]
 [0 0 0 0 0 1 0 0 0 0 0 0 0 0 0 0 3 0 0 0 0 0 0 0 0 0 0 0 2 0 0]
 [0 0 1 0 1 0 0 0 0 0 0 0 0 0 0 0 0 4 0 0 0 0 0 0 2 0 0 0 0 0 0]
 [0 0 0 0 0 0 0 0 0 0 0 0 0 0 0 1 0 0 5 0 0 0 0 0 0 0 0 0 0 0 0]
 [0 0 0 0 0 0 0 1 0 0 0 1 0 0 0 1 0 0 0 1 0 0 0 0 0 1 0 0 0 0 0]
 [0 0 0 0 0 0 0 0 0 0 0 0 0 0 0 0 0 0 0 0 4 0 0 4 0 0 1 1 0 0 0]
 [0 0 0 1 0 0 0 0 0 1 0 1 0 0 0 0 0 0 0 0 0 1 0 0 0 0 0 0 1 0 0]
 [0 0 0 0 0 0 0 0 0 0 0 0 0 0 0 0 0 0 2 1 0 2 0 1 0 0 0 0 0 0 0]
 [0 0 0 2 0 0 0 0 0 0 0 0 0 1 0 0 0 0 0 0 2 0 0 0 0 0 2 0 0 0 0]
 [0 1 1 0 1 0 0 1 0 0 0 0 0 0 0 0 0 0 0 0 0 0 0 0 1 0 0 0 0 0 0]
 [0 0 0 0 1 0 0 1 0 0 0 0 0 0 2 0 0 0 0 0 0 0 1 0 0 5 0 0 0 0 0]
 [0 0 0 0 0 0 0 0 0 0 0 0 0 0 0 0 0 0 0 0 0 0 0 0 0 1 1 0 0 0 2]
 [0 0 0 0 0 0 0 0 0 0 0 0 1 0 0 0 0 0 0 0 0 0 0 0 0 0 0 5 0 0 0]
 [1 0 0 0 0 0 0 0 0 0 0 0 0 0 0 0 0 0 0 0 0 0 0 0 0 0 0 0 1 0 0]
 [1 1 0 0 0 0 0 0 0 0 0 0 0 0 0 0 0 0 0 0 0 0 0 0 0 0 0 0 0 1 0]
 [0 0 0 0 0 0 0 0 0 0 0 0 0 0 1 0 0 0 0 0 0 0 0 0 0 2 1 0 0 0 3]]
The DT model: The test set score using Normalizer:
 0.543010752688
The DT model: The best cross validation score using Normalizer:
 0.466397849462
The DT model: The best parameters using Normalizer:
 {'dt__criterion': 'entropy', 'dt__max_depth': 9, 'dt__min_samples_leaf': 5, 'dt__min_samples_split': 6, 'dt__presort': False}
The DT model: the classification Report using Normalizer:
              precision    recall  f1-score   support

    10_User       0.43      0.43      0.43         7
    11_User       0.33      0.67      0.44         3
    12_User       0.57      0.44      0.50         9
    13_User       0.00      0.00      0.00         1
    14_User       0.38      0.60      0.46         5
    15_User       0.80      0.80      0.80         5
    17_User       0.44      0.57      0.50         7
    18_User       1.00      0.14      0.25         7
    19_User       0.00      0.00      0.00         6
     1_User       0.00      0.00      0.00         1
    20_User       0.71      0.62      0.67         8
    21_User       1.00      0.22      0.36         9
    22_User       1.00      0.83      0.91         6
    23_User       0.67      0.75      0.71         8
    24_User       0.50      0.17      0.25         6
    25_User       0.83      0.62      0.71         8
    26_User       0.43      0.50      0.46         6
    27_User       0.78      0.88      0.82         8
    28_User       0.71      0.83      0.77         6
    29_User       0.00      0.00      0.00         5
     2_User       1.00      0.40      0.57        10
    30_User       1.00      0.80      0.89         5
    31_User       0.75      0.50      0.60         6
    32_User       0.60      0.86      0.71         7
     3_User       1.00      0.40      0.57         5
     4_User       0.75      0.60      0.67        10
     5_User       0.40      0.50      0.44         4
     6_User       0.86      1.00      0.92         6
     7_User       0.00      0.00      0.00         2
     8_User       0.29      0.67      0.40         3
     9_User       0.67      0.86      0.75         7

avg / total       0.66      0.54      0.56       186

The DT model: the confusion svc metrics using Normalizer:
 [[3 0 0 0 0 0 0 0 1 1 0 0 0 0 0 1 0 0 0 0 0 0 0 0 0 0 0 0 0 1 0]
 [0 2 0 0 0 0 0 0 0 0 0 0 0 0 0 0 0 0 0 0 0 0 0 0 0 0 0 0 0 1 0]
 [0 0 4 0 0 0 2 0 0 0 0 0 0 0 0 0 0 0 0 0 0 0 0 0 0 0 0 0 2 1 0]
 [0 0 0 0 0 0 0 0 0 0 0 0 0 0 0 0 0 0 0 0 0 0 0 0 0 0 1 0 0 0 0]
 [0 0 0 1 3 0 0 0 0 0 0 0 0 0 1 0 0 0 0 0 0 0 0 0 0 0 0 0 0 0 0]
 [0 0 0 0 0 4 0 0 0 0 0 0 0 0 0 0 0 0 1 0 0 0 0 0 0 0 0 0 0 0 0]
 [0 0 1 0 0 0 4 0 0 0 1 0 0 0 0 0 0 0 0 0 0 0 0 0 0 0 0 0 1 0 0]
 [0 3 0 0 0 0 0 1 0 2 0 0 0 0 0 0 0 0 0 1 0 0 0 0 0 0 0 0 0 0 0]
 [2 0 0 2 1 0 1 0 0 0 0 0 0 0 0 0 0 0 0 0 0 0 0 0 0 0 0 0 0 0 0]
 [0 0 0 0 1 0 0 0 0 0 0 0 0 0 0 0 0 0 0 0 0 0 0 0 0 0 0 0 0 0 0]
 [1 0 0 1 0 0 0 0 0 1 5 0 0 0 0 0 0 0 0 0 0 0 0 0 0 0 0 0 0 0 0]
 [0 0 0 0 0 0 0 0 1 1 1 2 0 0 0 0 1 0 0 1 0 0 0 0 0 1 0 0 1 0 0]
 [0 0 0 0 0 0 0 0 0 0 0 0 5 0 0 0 0 0 0 0 0 0 0 0 0 0 0 0 0 0 1]
 [0 0 0 0 0 0 0 0 1 0 0 0 0 6 0 0 0 0 0 0 0 0 0 1 0 0 0 0 0 0 0]
 [0 0 0 0 0 0 0 0 0 1 0 0 0 0 1 0 0 0 0 3 0 0 0 0 0 0 0 0 0 0 1]
 [0 0 0 0 0 1 0 0 0 0 0 0 0 0 0 5 0 0 0 0 0 0 0 0 0 0 1 0 0 1 0]
 [1 0 0 0 0 0 0 0 0 0 0 0 0 0 0 0 3 2 0 0 0 0 0 0 0 0 0 0 0 0 0]
 [0 0 0 0 0 0 0 0 0 0 0 0 0 0 0 0 1 7 0 0 0 0 0 0 0 0 0 0 0 0 0]
 [0 0 0 0 0 0 0 0 0 0 0 0 0 0 0 0 0 0 5 0 0 0 0 0 0 0 0 0 0 1 0]
 [0 0 0 2 0 0 1 0 1 0 0 0 0 0 0 0 0 0 0 0 0 0 0 0 0 0 0 0 1 0 0]
 [0 0 0 0 0 0 0 0 0 0 0 0 0 2 0 0 0 0 0 0 4 0 1 2 0 0 0 1 0 0 0]
 [0 0 0 0 0 0 0 0 0 0 0 0 0 0 0 0 0 0 0 0 0 4 0 0 0 0 0 0 0 0 1]
 [0 0 0 0 0 0 0 0 0 1 0 0 0 0 0 0 0 0 1 0 0 0 3 0 0 1 0 0 0 0 0]
 [0 0 0 0 0 0 0 0 0 0 0 0 0 0 0 0 0 0 0 0 0 0 0 6 0 0 1 0 0 0 0]
 [0 1 1 0 0 0 1 0 0 0 0 0 0 0 0 0 0 0 0 0 0 0 0 0 2 0 0 0 0 0 0]
 [0 0 0 0 2 0 0 0 0 2 0 0 0 0 0 0 0 0 0 0 0 0 0 0 0 6 0 0 0 0 0]
 [0 0 0 0 0 0 0 0 0 0 0 0 0 1 0 0 0 0 0 0 0 0 0 1 0 0 2 0 0 0 0]
 [0 0 0 0 0 0 0 0 0 0 0 0 0 0 0 0 0 0 0 0 0 0 0 0 0 0 0 6 0 0 0]
 [0 0 1 0 0 0 0 0 0 0 0 0 0 0 0 0 1 0 0 0 0 0 0 0 0 0 0 0 0 0 0]
 [0 0 0 0 0 0 0 0 0 0 0 0 0 0 0 0 1 0 0 0 0 0 0 0 0 0 0 0 0 2 0]
 [0 0 0 0 1 0 0 0 0 0 0 0 0 0 0 0 0 0 0 0 0 0 0 0 0 0 0 0 0 0 6]]
