The RF model: The test set score using MinMax:
 0.5
The RF model: The best cross validation score using MinMax:
 0.541666666667
The RF model: The best parameters with selected using MinMax:
 {'rf__bootstrap': True, 'rf__max_depth': 10, 'rf__max_features': 'sqrt', 'rf__min_samples_leaf': 1, 'rf__min_samples_split': 2, 'rf__n_estimators': 41}
The RF model: the classification Report using MinMax:
              precision    recall  f1-score   support

    10_User       0.50      0.12      0.20         8
    11_User       0.33      0.40      0.36         5
    12_User       0.67      0.80      0.73         5
    13_User       0.30      0.60      0.40         5
    14_User       0.43      0.50      0.46         6
    15_User       1.00      0.67      0.80         6
    17_User       0.67      0.40      0.50         5
    18_User       0.00      0.00      0.00        12
    19_User       0.22      0.50      0.31         4
     1_User       0.20      0.33      0.25         6
    20_User       0.60      0.75      0.67         4
    21_User       0.45      0.62      0.53         8
    22_User       1.00      1.00      1.00         8
    23_User       0.25      0.33      0.29         6
    24_User       0.20      0.17      0.18         6
    25_User       0.67      0.60      0.63        10
    26_User       1.00      0.50      0.67         2
    27_User       0.50      0.50      0.50         4
    28_User       0.83      1.00      0.91         5
    29_User       0.40      0.40      0.40         5
     2_User       0.27      0.50      0.35         6
    30_User       1.00      0.43      0.60         7
    31_User       0.43      0.33      0.38         9
    32_User       0.50      0.12      0.20         8
     3_User       0.50      0.25      0.33         4
     4_User       0.80      0.67      0.73         6
     5_User       0.50      0.43      0.46         7
     6_User       1.00      1.00      1.00         8
     7_User       0.33      0.75      0.46         4
     8_User       0.20      0.50      0.29         2
     9_User       0.62      1.00      0.77         5

avg / total       0.53      0.50      0.49       186

The RF model: the confusion svc metrics using MinMax:
[[1 2 0 0 0 0 0 0 0 0 0 0 0 0 0 0 0 0 0 0 0 0 0 0 0 1 0 0 1 3 0]
 [1 2 0 0 0 0 0 0 0 2 0 0 0 0 0 0 0 0 0 0 0 0 0 0 0 0 0 0 0 0 0]
 [0 0 4 0 0 0 0 0 0 0 0 0 0 0 0 0 0 0 0 0 0 0 0 0 0 0 0 0 1 0 0]
 [0 0 0 3 0 0 0 0 1 0 0 0 0 0 0 0 0 0 0 0 0 0 0 0 0 0 1 0 0 0 0]
 [0 0 0 0 3 0 0 0 0 0 0 0 0 0 2 0 0 1 0 0 0 0 0 0 0 0 0 0 0 0 0]
 [0 0 0 0 0 4 0 0 0 0 0 0 0 0 0 2 0 0 0 0 0 0 0 0 0 0 0 0 0 0 0]
 [0 0 0 0 0 0 2 0 0 0 0 1 0 0 0 0 0 0 0 0 0 0 0 0 0 0 0 0 2 0 0]
 [0 2 0 1 0 0 0 0 2 3 0 0 0 0 2 0 0 0 0 1 0 0 1 0 0 0 0 0 0 0 0]
 [0 0 0 1 0 0 0 0 2 0 0 1 0 0 0 0 0 0 0 0 0 0 0 0 0 0 0 0 0 0 0]
 [0 0 0 0 1 0 0 1 0 2 0 1 0 0 0 0 0 0 0 0 0 0 0 0 0 0 0 0 0 0 1]
 [0 0 0 0 0 0 0 0 0 0 3 0 0 0 0 0 0 0 0 1 0 0 0 0 0 0 0 0 0 0 0]
 [0 0 0 1 1 0 0 0 0 1 0 5 0 0 0 0 0 0 0 0 0 0 0 0 0 0 0 0 0 0 0]
 [0 0 0 0 0 0 0 0 0 0 0 0 8 0 0 0 0 0 0 0 0 0 0 0 0 0 0 0 0 0 0]
 [0 0 0 0 0 0 0 0 0 0 0 0 0 2 0 0 0 0 0 0 2 0 1 1 0 0 0 0 0 0 0]
 [0 0 0 0 0 0 0 0 2 1 0 2 0 0 1 0 0 0 0 0 0 0 0 0 0 0 0 0 0 0 0]
 [0 0 0 0 0 0 0 0 1 0 2 0 0 1 0 6 0 0 0 0 0 0 0 0 0 0 0 0 0 0 0]
 [0 0 0 0 0 0 0 0 0 0 0 0 0 0 0 0 1 0 0 0 0 0 0 0 0 0 0 0 0 1 0]
 [0 0 1 0 0 0 0 0 0 0 0 0 0 0 0 0 0 2 0 0 0 0 0 0 1 0 0 0 0 0 0]
 [0 0 0 0 0 0 0 0 0 0 0 0 0 0 0 0 0 0 5 0 0 0 0 0 0 0 0 0 0 0 0]
 [0 0 0 1 0 0 0 0 1 0 0 0 0 0 0 0 0 0 0 2 0 0 1 0 0 0 0 0 0 0 0]
 [0 0 0 0 0 0 0 0 0 0 0 0 0 1 0 0 0 0 0 0 3 0 0 0 0 0 2 0 0 0 0]
 [0 0 0 1 0 0 0 0 0 1 0 0 0 0 0 0 0 0 0 0 0 3 0 0 0 0 0 0 1 0 1]
 [0 0 0 2 0 0 0 0 0 0 0 0 0 1 0 0 0 0 1 1 0 0 3 0 0 0 0 0 0 0 1]
 [0 0 0 0 0 0 0 0 0 0 0 0 0 3 0 0 0 0 0 0 4 0 0 1 0 0 0 0 0 0 0]
 [0 0 1 0 0 0 0 0 0 0 0 0 0 0 0 0 0 1 0 0 0 0 0 0 1 0 0 0 1 0 0]
 [0 0 0 0 2 0 0 0 0 0 0 0 0 0 0 0 0 0 0 0 0 0 0 0 0 4 0 0 0 0 0]
 [0 0 0 0 0 0 0 0 0 0 0 1 0 0 0 0 0 0 0 0 2 0 1 0 0 0 3 0 0 0 0]
 [0 0 0 0 0 0 0 0 0 0 0 0 0 0 0 0 0 0 0 0 0 0 0 0 0 0 0 8 0 0 0]
 [0 0 0 0 0 0 1 0 0 0 0 0 0 0 0 0 0 0 0 0 0 0 0 0 0 0 0 0 3 0 0]
 [0 0 0 0 0 0 0 0 0 0 0 0 0 0 0 1 0 0 0 0 0 0 0 0 0 0 0 0 0 1 0]
 [0 0 0 0 0 0 0 0 0 0 0 0 0 0 0 0 0 0 0 0 0 0 0 0 0 0 0 0 0 0 5]]
The RF model: The test set score using MinMax:
 0.532258064516
The RF model: The best cross validation score using MinMax:
 0.545698924731
The RF model: The best parameters with selected using MinMax:
 {'rf__bootstrap': True, 'rf__max_depth': 10, 'rf__max_features': 'auto', 'rf__min_samples_leaf': 1, 'rf__min_samples_split': 2, 'rf__n_estimators': 50}
The RF model: the classification Report using MinMax:
              precision    recall  f1-score   support

    10_User       0.40      0.25      0.31         8
    11_User       0.33      0.40      0.36         5
    12_User       0.67      0.80      0.73         5
    13_User       0.29      0.40      0.33         5
    14_User       0.57      0.67      0.62         6
    15_User       0.71      0.83      0.77         6
    17_User       0.67      0.40      0.50         5
    18_User       0.67      0.17      0.27        12
    19_User       0.17      0.25      0.20         4
     1_User       0.18      0.33      0.24         6
    20_User       0.50      0.75      0.60         4
    21_User       0.38      0.62      0.48         8
    22_User       1.00      1.00      1.00         8
    23_User       0.25      0.17      0.20         6
    24_User       0.33      0.33      0.33         6
    25_User       0.75      0.30      0.43        10
    26_User       1.00      0.50      0.67         2
    27_User       0.50      0.50      0.50         4
    28_User       0.83      1.00      0.91         5
    29_User       0.50      0.60      0.55         5
     2_User       0.36      0.67      0.47         6
    30_User       0.80      0.57      0.67         7
    31_User       0.57      0.44      0.50         9
    32_User       0.75      0.38      0.50         8
     3_User       1.00      0.25      0.40         4
     4_User       0.83      0.83      0.83         6
     5_User       0.43      0.43      0.43         7
     6_User       0.89      1.00      0.94         8
     7_User       0.38      0.75      0.50         4
     8_User       0.20      0.50      0.29         2
     9_User       1.00      0.80      0.89         5

avg / total       0.59      0.53      0.53       186

The RF model: the confusion svc metrics using MinMax:
[[2 2 0 0 0 0 0 0 0 0 0 0 0 0 0 0 0 0 0 0 0 0 0 0 0 1 0 0 1 2 0]
 [1 2 0 0 0 0 0 0 0 2 0 0 0 0 0 0 0 0 0 0 0 0 0 0 0 0 0 0 0 0 0]
 [0 0 4 0 0 0 0 0 0 0 0 0 0 0 0 0 0 0 0 0 0 0 0 0 0 0 0 0 1 0 0]
 [0 0 0 2 0 0 0 0 1 0 0 0 0 0 0 0 0 0 0 0 0 0 0 0 0 0 2 0 0 0 0]
 [0 0 0 0 4 0 0 0 1 0 0 0 0 0 0 0 0 1 0 0 0 0 0 0 0 0 0 0 0 0 0]
 [1 0 0 0 0 5 0 0 0 0 0 0 0 0 0 0 0 0 0 0 0 0 0 0 0 0 0 0 0 0 0]
 [0 0 0 0 0 0 2 0 0 0 0 1 0 0 0 0 0 0 0 0 0 0 0 0 0 0 0 0 2 0 0]
 [0 2 0 0 0 0 0 2 1 2 0 2 0 0 1 0 0 0 0 1 0 0 0 0 0 0 0 0 0 1 0]
 [0 0 0 1 0 0 0 0 1 0 0 1 0 0 1 0 0 0 0 0 0 0 0 0 0 0 0 0 0 0 0]
 [0 0 0 0 2 0 0 1 0 2 0 1 0 0 0 0 0 0 0 0 0 0 0 0 0 0 0 0 0 0 0]
 [0 0 0 0 0 0 0 0 0 0 3 0 0 0 0 0 0 0 0 1 0 0 0 0 0 0 0 0 0 0 0]
 [0 0 0 0 0 0 0 0 1 1 0 5 0 0 0 0 0 0 0 0 0 0 1 0 0 0 0 0 0 0 0]
 [0 0 0 0 0 0 0 0 0 0 0 0 8 0 0 0 0 0 0 0 0 0 0 0 0 0 0 0 0 0 0]
 [0 0 0 0 0 0 0 0 0 0 0 0 0 1 0 0 0 0 0 0 3 0 0 1 0 0 1 0 0 0 0]
 [0 0 0 0 0 0 0 0 1 1 0 1 0 0 2 0 0 0 0 1 0 0 0 0 0 0 0 0 0 0 0]
 [1 0 0 0 0 2 0 0 0 0 3 0 0 0 0 3 0 0 0 0 0 0 1 0 0 0 0 0 0 0 0]
 [0 0 0 0 0 0 0 0 0 0 0 0 0 0 0 0 1 0 0 0 0 0 0 0 0 0 0 0 0 1 0]
 [0 0 1 0 0 0 0 0 0 1 0 0 0 0 0 0 0 2 0 0 0 0 0 0 0 0 0 0 0 0 0]
 [0 0 0 0 0 0 0 0 0 0 0 0 0 0 0 0 0 0 5 0 0 0 0 0 0 0 0 0 0 0 0]
 [0 0 0 0 0 0 0 0 0 0 0 1 0 0 0 0 0 0 0 3 0 0 1 0 0 0 0 0 0 0 0]
 [0 0 0 0 0 0 0 0 0 0 0 0 0 0 0 0 0 0 0 0 4 0 0 0 0 0 1 1 0 0 0]
 [0 0 0 0 0 0 0 0 0 1 0 0 0 0 2 0 0 0 0 0 0 4 0 0 0 0 0 0 0 0 0]
 [0 0 0 2 0 0 0 0 0 0 0 1 0 0 0 0 0 0 1 0 0 1 4 0 0 0 0 0 0 0 0]
 [0 0 0 0 0 0 0 0 0 0 0 0 0 3 0 0 0 0 0 0 2 0 0 3 0 0 0 0 0 0 0]
 [0 0 1 0 0 0 0 0 0 0 0 0 0 0 0 0 0 1 0 0 0 0 0 0 1 0 0 0 1 0 0]
 [0 0 0 0 1 0 0 0 0 0 0 0 0 0 0 0 0 0 0 0 0 0 0 0 0 5 0 0 0 0 0]
 [0 0 0 2 0 0 0 0 0 0 0 0 0 0 0 0 0 0 0 0 2 0 0 0 0 0 3 0 0 0 0]
 [0 0 0 0 0 0 0 0 0 0 0 0 0 0 0 0 0 0 0 0 0 0 0 0 0 0 0 8 0 0 0]
 [0 0 0 0 0 0 1 0 0 0 0 0 0 0 0 0 0 0 0 0 0 0 0 0 0 0 0 0 3 0 0]
 [0 0 0 0 0 0 0 0 0 0 0 0 0 0 0 1 0 0 0 0 0 0 0 0 0 0 0 0 0 1 0]
 [0 0 0 0 0 0 0 0 0 1 0 0 0 0 0 0 0 0 0 0 0 0 0 0 0 0 0 0 0 0 4]]
The RF model: The test set score using MinMax:
 0.532258064516
The RF model: The best cross validation score using MinMax:
 0.564516129032
The RF model: The best parameters with selected using MinMax:
 {'rf__bootstrap': False, 'rf__max_depth': 10, 'rf__max_features': 'sqrt', 'rf__min_samples_leaf': 1, 'rf__min_samples_split': 5, 'rf__n_estimators': 50}
The RF model: the classification Report using MinMax:
              precision    recall  f1-score   support

    10_User       0.80      0.50      0.62         8
    11_User       0.30      0.60      0.40         5
    12_User       0.60      0.60      0.60         5
    13_User       0.30      0.60      0.40         5
    14_User       0.75      0.50      0.60         6
    15_User       1.00      0.83      0.91         6
    17_User       0.50      0.40      0.44         5
    18_User       0.25      0.08      0.12        12
    19_User       0.25      0.25      0.25         4
     1_User       0.29      0.33      0.31         6
    20_User       0.67      0.50      0.57         4
    21_User       0.21      0.38      0.27         8
    22_User       1.00      1.00      1.00         8
    23_User       0.33      0.33      0.33         6
    24_User       0.27      0.50      0.35         6
    25_User       0.86      0.60      0.71        10
    26_User       1.00      0.50      0.67         2
    27_User       0.00      0.00      0.00         4
    28_User       0.83      1.00      0.91         5
    29_User       0.40      0.40      0.40         5
     2_User       0.33      0.67      0.44         6
    30_User       1.00      0.29      0.44         7
    31_User       0.67      0.44      0.53         9
    32_User       0.50      0.25      0.33         8
     3_User       1.00      0.50      0.67         4
     4_User       0.67      1.00      0.80         6
     5_User       0.60      0.43      0.50         7
     6_User       1.00      1.00      1.00         8
     7_User       0.38      0.75      0.50         4
     8_User       0.40      1.00      0.57         2
     9_User       1.00      0.80      0.89         5

avg / total       0.59      0.53      0.53       186

The RF model: the confusion svc metrics using MinMax:
[[4 3 0 0 0 0 0 0 0 0 0 0 0 0 0 0 0 0 0 0 0 0 0 0 0 0 0 0 1 0 0]
 [0 3 0 0 0 0 0 1 0 0 0 0 0 0 0 0 0 0 0 0 0 0 0 0 0 0 0 0 0 1 0]
 [0 0 3 0 0 0 0 0 0 0 0 0 0 0 0 0 0 1 0 0 0 0 0 0 0 0 0 0 1 0 0]
 [0 0 0 3 0 0 0 0 0 0 0 0 0 0 0 0 0 0 0 0 0 0 1 0 0 0 1 0 0 0 0]
 [0 0 0 0 3 0 0 0 1 0 0 0 0 0 0 0 0 1 0 0 0 0 0 0 0 1 0 0 0 0 0]
 [0 0 0 0 0 5 0 0 0 0 0 0 0 0 1 0 0 0 0 0 0 0 0 0 0 0 0 0 0 0 0]
 [0 0 0 0 0 0 2 0 0 0 0 1 0 0 0 0 0 0 0 0 0 0 0 0 0 0 0 0 2 0 0]
 [0 2 0 0 0 0 0 1 0 1 0 2 0 0 4 0 0 0 0 1 0 0 0 0 0 0 0 0 0 1 0]
 [0 0 0 1 0 0 0 0 1 0 0 1 0 0 1 0 0 0 0 0 0 0 0 0 0 0 0 0 0 0 0]
 [0 0 0 0 0 0 0 1 0 2 0 2 0 0 0 0 0 0 0 0 0 0 0 0 0 1 0 0 0 0 0]
 [0 0 0 0 0 0 0 0 0 0 2 0 0 0 0 1 0 0 0 1 0 0 0 0 0 0 0 0 0 0 0]
 [0 0 0 1 1 0 0 0 0 2 0 3 0 0 0 0 0 0 0 1 0 0 0 0 0 0 0 0 0 0 0]
 [0 0 0 0 0 0 0 0 0 0 0 0 8 0 0 0 0 0 0 0 0 0 0 0 0 0 0 0 0 0 0]
 [0 0 0 0 0 0 0 0 0 0 0 0 0 2 0 0 0 0 0 0 3 0 0 1 0 0 0 0 0 0 0]
 [0 0 0 0 0 0 0 0 0 2 0 1 0 0 3 0 0 0 0 0 0 0 0 0 0 0 0 0 0 0 0]
 [1 0 0 0 0 0 0 0 1 0 1 0 0 0 0 6 0 0 0 0 0 0 0 0 0 1 0 0 0 0 0]
 [0 0 0 0 0 0 0 0 0 0 0 0 0 0 0 0 1 0 0 0 0 0 0 0 0 0 0 0 0 1 0]
 [0 2 1 0 0 0 0 1 0 0 0 0 0 0 0 0 0 0 0 0 0 0 0 0 0 0 0 0 0 0 0]
 [0 0 0 0 0 0 0 0 0 0 0 0 0 0 0 0 0 0 5 0 0 0 0 0 0 0 0 0 0 0 0]
 [0 0 0 1 0 0 0 0 0 0 0 2 0 0 0 0 0 0 0 2 0 0 0 0 0 0 0 0 0 0 0]
 [0 0 0 0 0 0 0 0 0 0 0 0 0 1 0 0 0 0 0 0 4 0 0 0 0 0 1 0 0 0 0]
 [0 0 0 1 0 0 1 0 1 0 0 1 0 0 1 0 0 0 0 0 0 2 0 0 0 0 0 0 0 0 0]
 [0 0 0 3 0 0 0 0 0 0 0 1 0 0 0 0 0 0 1 0 0 0 4 0 0 0 0 0 0 0 0]
 [0 0 0 0 0 0 0 0 0 0 0 0 0 3 0 0 0 0 0 0 3 0 0 2 0 0 0 0 0 0 0]
 [0 0 1 0 0 0 0 0 0 0 0 0 0 0 0 0 0 0 0 0 0 0 0 0 2 0 0 0 1 0 0]
 [0 0 0 0 0 0 0 0 0 0 0 0 0 0 0 0 0 0 0 0 0 0 0 0 0 6 0 0 0 0 0]
 [0 0 0 0 0 0 0 0 0 0 0 0 0 0 0 0 0 0 0 0 2 0 1 1 0 0 3 0 0 0 0]
 [0 0 0 0 0 0 0 0 0 0 0 0 0 0 0 0 0 0 0 0 0 0 0 0 0 0 0 8 0 0 0]
 [0 0 0 0 0 0 1 0 0 0 0 0 0 0 0 0 0 0 0 0 0 0 0 0 0 0 0 0 3 0 0]
 [0 0 0 0 0 0 0 0 0 0 0 0 0 0 0 0 0 0 0 0 0 0 0 0 0 0 0 0 0 2 0]
 [0 0 0 0 0 0 0 0 0 0 0 0 0 0 1 0 0 0 0 0 0 0 0 0 0 0 0 0 0 0 4]]
The RF model: The test set score using MinMax:
 0.634408602151
The RF model: The best cross validation score using MinMax:
 0.60752688172
The RF model: The best parameters with selected using MinMax:
 {'rf__bootstrap': False, 'rf__max_depth': 10, 'rf__max_features': 'auto', 'rf__min_samples_leaf': 1, 'rf__min_samples_split': 2, 'rf__n_estimators': 50}
The RF model: the classification Report using MinMax:
              precision    recall  f1-score   support

    10_User       1.00      0.62      0.77         8
    11_User       0.50      0.60      0.55         5
    12_User       0.80      0.80      0.80         5
    13_User       0.36      0.80      0.50         5
    14_User       0.67      0.67      0.67         6
    15_User       1.00      0.83      0.91         6
    17_User       0.67      0.40      0.50         5
    18_User       1.00      0.25      0.40        12
    19_User       0.30      0.75      0.43         4
     1_User       0.50      0.33      0.40         6
    20_User       0.50      0.50      0.50         4
    21_User       0.44      0.50      0.47         8
    22_User       1.00      0.88      0.93         8
    23_User       1.00      0.67      0.80         6
    24_User       0.50      0.50      0.50         6
    25_User       0.86      0.60      0.71        10
    26_User       1.00      0.50      0.67         2
    27_User       0.50      0.75      0.60         4
    28_User       0.83      1.00      0.91         5
    29_User       0.25      0.40      0.31         5
     2_User       0.50      1.00      0.67         6
    30_User       0.50      0.29      0.36         7
    31_User       0.80      0.44      0.57         9
    32_User       1.00      0.50      0.67         8
     3_User       1.00      0.25      0.40         4
     4_User       0.75      1.00      0.86         6
     5_User       0.83      0.71      0.77         7
     6_User       0.89      1.00      0.94         8
     7_User       0.38      0.75      0.50         4
     8_User       0.29      1.00      0.44         2
     9_User       0.83      1.00      0.91         5

avg / total       0.73      0.63      0.64       186

The RF model: the confusion svc metrics using MinMax:
[[5 1 0 0 0 0 0 0 0 0 0 0 0 0 0 0 0 1 0 0 0 0 0 0 0 0 0 0 0 1 0]
 [0 3 0 0 0 0 0 0 0 1 0 0 0 0 0 0 0 0 0 0 0 0 0 0 0 0 0 0 0 1 0]
 [0 0 4 0 0 0 0 0 0 0 0 0 0 0 0 0 0 0 0 0 0 0 0 0 0 0 0 0 1 0 0]
 [0 0 0 4 0 0 0 0 0 0 0 0 0 0 0 0 0 0 0 0 0 1 0 0 0 0 0 0 0 0 0]
 [0 0 0 1 4 0 0 0 0 0 0 0 0 0 0 0 0 1 0 0 0 0 0 0 0 0 0 0 0 0 0]
 [0 0 0 0 0 5 0 0 0 0 0 0 0 0 1 0 0 0 0 0 0 0 0 0 0 0 0 0 0 0 0]
 [0 0 0 0 0 0 2 0 0 0 0 0 0 0 0 0 0 0 0 1 0 0 0 0 0 0 0 0 2 0 0]
 [0 1 0 0 0 0 0 3 1 1 0 1 0 0 1 0 0 0 0 3 0 0 0 0 0 0 0 0 0 1 0]
 [0 0 0 1 0 0 0 0 3 0 0 0 0 0 0 0 0 0 0 0 0 0 0 0 0 0 0 0 0 0 0]
 [0 0 0 0 2 0 0 0 0 2 0 1 0 0 0 0 0 0 0 0 0 0 0 0 0 0 0 0 0 0 1]
 [0 0 0 0 0 0 0 0 0 0 2 0 0 0 0 1 0 0 0 1 0 0 0 0 0 0 0 0 0 0 0]
 [0 0 0 0 0 0 0 0 3 0 0 4 0 0 0 0 0 0 0 0 0 0 1 0 0 0 0 0 0 0 0]
 [0 0 0 0 0 0 0 0 0 0 0 0 7 0 0 0 0 0 0 0 0 0 0 0 0 0 0 1 0 0 0]
 [0 0 0 0 0 0 0 0 0 0 0 0 0 4 0 0 0 0 0 0 2 0 0 0 0 0 0 0 0 0 0]
 [0 0 0 0 0 0 0 0 0 0 1 1 0 0 3 0 0 0 0 1 0 0 0 0 0 0 0 0 0 0 0]
 [0 0 0 0 0 0 0 0 1 0 1 0 0 0 0 6 0 0 0 0 0 0 0 0 0 1 0 0 0 1 0]
 [0 0 0 0 0 0 0 0 0 0 0 0 0 0 0 0 1 0 0 0 0 0 0 0 0 0 0 0 0 1 0]
 [0 1 0 0 0 0 0 0 0 0 0 0 0 0 0 0 0 3 0 0 0 0 0 0 0 0 0 0 0 0 0]
 [0 0 0 0 0 0 0 0 0 0 0 0 0 0 0 0 0 0 5 0 0 0 0 0 0 0 0 0 0 0 0]
 [0 0 0 2 0 0 0 0 0 0 0 1 0 0 0 0 0 0 0 2 0 0 0 0 0 0 0 0 0 0 0]
 [0 0 0 0 0 0 0 0 0 0 0 0 0 0 0 0 0 0 0 0 6 0 0 0 0 0 0 0 0 0 0]
 [0 0 0 1 0 0 1 0 1 0 0 0 0 0 1 0 0 0 0 0 0 2 0 0 0 0 0 0 1 0 0]
 [0 0 0 2 0 0 0 0 1 0 0 0 0 0 0 0 0 0 1 0 0 1 4 0 0 0 0 0 0 0 0]
 [0 0 0 0 0 0 0 0 0 0 0 0 0 0 0 0 0 0 0 0 3 0 0 4 0 1 0 0 0 0 0]
 [0 0 1 0 0 0 0 0 0 0 0 0 0 0 0 0 0 1 0 0 0 0 0 0 1 0 0 0 1 0 0]
 [0 0 0 0 0 0 0 0 0 0 0 0 0 0 0 0 0 0 0 0 0 0 0 0 0 6 0 0 0 0 0]
 [0 0 0 0 0 0 0 0 0 0 0 1 0 0 0 0 0 0 0 0 1 0 0 0 0 0 5 0 0 0 0]
 [0 0 0 0 0 0 0 0 0 0 0 0 0 0 0 0 0 0 0 0 0 0 0 0 0 0 0 8 0 0 0]
 [0 0 0 0 0 0 0 0 0 0 0 0 0 0 0 0 0 0 0 0 0 0 0 0 0 0 1 0 3 0 0]
 [0 0 0 0 0 0 0 0 0 0 0 0 0 0 0 0 0 0 0 0 0 0 0 0 0 0 0 0 0 2 0]
 [0 0 0 0 0 0 0 0 0 0 0 0 0 0 0 0 0 0 0 0 0 0 0 0 0 0 0 0 0 0 5]]
The RF model: The test set score using MinMax:
 0.672043010753
The RF model: The best cross validation score using MinMax:
 0.608870967742
The RF model: The best parameters with selected using MinMax:
 {'rf__bootstrap': False, 'rf__max_depth': 10, 'rf__max_features': 'sqrt', 'rf__min_samples_leaf': 2, 'rf__min_samples_split': 2, 'rf__n_estimators': 50}
The RF model: the classification Report using MinMax:
              precision    recall  f1-score   support

    10_User       1.00      0.50      0.67         8
    11_User       0.33      0.40      0.36         5
    12_User       0.80      0.80      0.80         5
    13_User       0.40      0.80      0.53         5
    14_User       0.60      0.50      0.55         6
    15_User       1.00      0.83      0.91         6
    17_User       0.50      0.40      0.44         5
    18_User       1.00      0.25      0.40        12
    19_User       0.33      0.50      0.40         4
     1_User       0.60      0.50      0.55         6
    20_User       0.60      0.75      0.67         4
    21_User       0.86      0.75      0.80         8
    22_User       1.00      0.88      0.93         8
    23_User       1.00      0.67      0.80         6
    24_User       0.50      0.50      0.50         6
    25_User       0.86      0.60      0.71        10
    26_User       1.00      0.50      0.67         2
    27_User       0.67      1.00      0.80         4
    28_User       0.83      1.00      0.91         5
    29_User       0.40      0.80      0.53         5
     2_User       0.60      1.00      0.75         6
    30_User       1.00      0.43      0.60         7
    31_User       0.70      0.78      0.74         9
    32_User       0.83      0.62      0.71         8
     3_User       1.00      0.25      0.40         4
     4_User       1.00      1.00      1.00         6
     5_User       0.71      0.71      0.71         7
     6_User       0.89      1.00      0.94         8
     7_User       0.33      0.50      0.40         4
     8_User       0.22      1.00      0.36         2
     9_User       0.71      1.00      0.83         5

avg / total       0.76      0.67      0.67       186

The RF model: the confusion svc metrics using MinMax:
[[4 3 0 0 0 0 0 0 0 0 0 0 0 0 0 0 0 0 0 0 0 0 0 0 0 0 0 0 0 1 0]
 [0 2 0 0 0 0 0 0 0 1 0 0 0 0 0 0 0 0 0 0 0 0 0 0 0 0 0 0 0 2 0]
 [0 0 4 0 0 0 0 0 0 0 0 0 0 0 0 0 0 0 0 0 0 0 0 0 0 0 0 0 1 0 0]
 [0 0 0 4 0 0 0 0 0 0 0 0 0 0 0 0 0 0 0 0 0 0 0 0 0 0 1 0 0 0 0]
 [0 0 0 1 3 0 0 0 0 0 1 0 0 0 0 0 0 1 0 0 0 0 0 0 0 0 0 0 0 0 0]
 [0 0 0 0 1 5 0 0 0 0 0 0 0 0 0 0 0 0 0 0 0 0 0 0 0 0 0 0 0 0 0]
 [0 0 0 0 0 0 2 0 0 0 0 0 0 0 0 0 0 0 0 1 0 0 0 0 0 0 0 0 2 0 0]
 [0 1 0 0 0 0 0 3 1 0 1 0 0 0 1 0 0 0 0 2 0 0 2 0 0 0 0 0 0 1 0]
 [0 0 0 1 0 0 0 0 2 0 0 0 0 0 0 0 0 0 0 1 0 0 0 0 0 0 0 0 0 0 0]
 [0 0 0 0 1 0 0 0 0 3 0 1 0 0 0 0 0 0 0 0 0 0 0 0 0 0 0 0 0 0 1]
 [0 0 0 0 0 0 0 0 0 0 3 0 0 0 0 1 0 0 0 0 0 0 0 0 0 0 0 0 0 0 0]
 [0 0 0 1 0 0 0 0 1 0 0 6 0 0 0 0 0 0 0 0 0 0 0 0 0 0 0 0 0 0 0]
 [0 0 0 0 0 0 0 0 0 0 0 0 7 0 0 0 0 0 0 0 0 0 0 0 0 0 0 1 0 0 0]
 [0 0 0 0 0 0 0 0 0 0 0 0 0 4 0 0 0 0 0 0 1 0 0 1 0 0 0 0 0 0 0]
 [0 0 0 0 0 0 0 0 0 1 0 0 0 0 3 0 0 0 0 2 0 0 0 0 0 0 0 0 0 0 0]
 [0 0 0 0 0 0 0 0 1 0 0 0 0 0 1 6 0 0 0 0 0 0 0 0 0 0 0 0 0 1 1]
 [0 0 0 0 0 0 0 0 0 0 0 0 0 0 0 0 1 0 0 0 0 0 0 0 0 0 0 0 0 1 0]
 [0 0 0 0 0 0 0 0 0 0 0 0 0 0 0 0 0 4 0 0 0 0 0 0 0 0 0 0 0 0 0]
 [0 0 0 0 0 0 0 0 0 0 0 0 0 0 0 0 0 0 5 0 0 0 0 0 0 0 0 0 0 0 0]
 [0 0 0 1 0 0 0 0 0 0 0 0 0 0 0 0 0 0 0 4 0 0 0 0 0 0 0 0 0 0 0]
 [0 0 0 0 0 0 0 0 0 0 0 0 0 0 0 0 0 0 0 0 6 0 0 0 0 0 0 0 0 0 0]
 [0 0 0 1 0 0 1 0 1 0 0 0 0 0 1 0 0 0 0 0 0 3 0 0 0 0 0 0 0 0 0]
 [0 0 0 1 0 0 0 0 0 0 0 0 0 0 0 0 0 0 1 0 0 0 7 0 0 0 0 0 0 0 0]
 [0 0 0 0 0 0 0 0 0 0 0 0 0 0 0 0 0 0 0 0 2 0 0 5 0 0 1 0 0 0 0]
 [0 0 1 0 0 0 0 0 0 0 0 0 0 0 0 0 0 1 0 0 0 0 0 0 1 0 0 0 1 0 0]
 [0 0 0 0 0 0 0 0 0 0 0 0 0 0 0 0 0 0 0 0 0 0 0 0 0 6 0 0 0 0 0]
 [0 0 0 0 0 0 0 0 0 0 0 0 0 0 0 0 0 0 0 0 1 0 1 0 0 0 5 0 0 0 0]
 [0 0 0 0 0 0 0 0 0 0 0 0 0 0 0 0 0 0 0 0 0 0 0 0 0 0 0 8 0 0 0]
 [0 0 0 0 0 0 1 0 0 0 0 0 0 0 0 0 0 0 0 0 0 0 0 0 0 0 0 0 2 1 0]
 [0 0 0 0 0 0 0 0 0 0 0 0 0 0 0 0 0 0 0 0 0 0 0 0 0 0 0 0 0 2 0]
 [0 0 0 0 0 0 0 0 0 0 0 0 0 0 0 0 0 0 0 0 0 0 0 0 0 0 0 0 0 0 5]]
The RF model: The test set score using MinMax:
 0.645161290323
The RF model: The best cross validation score using MinMax:
 0.630376344086
The RF model: The best parameters with selected using MinMax:
 {'rf__bootstrap': True, 'rf__max_depth': 10, 'rf__max_features': 'sqrt', 'rf__min_samples_leaf': 1, 'rf__min_samples_split': 2, 'rf__n_estimators': 41}
The RF model: the classification Report using MinMax:
              precision    recall  f1-score   support

    10_User       1.00      0.62      0.77         8
    11_User       0.44      0.80      0.57         5
    12_User       0.80      0.80      0.80         5
    13_User       0.30      0.60      0.40         5
    14_User       0.67      0.33      0.44         6
    15_User       0.86      1.00      0.92         6
    17_User       0.40      0.40      0.40         5
    18_User       0.67      0.17      0.27        12
    19_User       0.33      0.75      0.46         4
     1_User       1.00      0.33      0.50         6
    20_User       0.60      0.75      0.67         4
    21_User       0.71      0.62      0.67         8
    22_User       1.00      0.88      0.93         8
    23_User       1.00      0.50      0.67         6
    24_User       0.80      0.67      0.73         6
    25_User       0.89      0.80      0.84        10
    26_User       1.00      1.00      1.00         2
    27_User       0.50      0.25      0.33         4
    28_User       0.83      1.00      0.91         5
    29_User       0.67      0.80      0.73         5
     2_User       0.55      1.00      0.71         6
    30_User       0.40      0.29      0.33         7
    31_User       0.64      0.78      0.70         9
    32_User       0.50      0.38      0.43         8
     3_User       0.67      0.50      0.57         4
     4_User       0.83      0.83      0.83         6
     5_User       0.75      0.43      0.55         7
     6_User       0.89      1.00      0.94         8
     7_User       0.33      0.75      0.46         4
     8_User       0.25      0.50      0.33         2
     9_User       0.62      1.00      0.77         5

avg / total       0.70      0.65      0.64       186

The RF model: the confusion svc metrics using MinMax:
[[5 0 0 0 0 1 0 0 0 0 0 0 0 0 0 0 0 0 0 0 0 0 0 0 0 0 0 0 0 2 0]
 [0 4 0 0 0 0 0 0 0 0 0 0 0 0 0 0 0 0 0 0 0 0 0 0 0 0 0 0 0 1 0]
 [0 0 4 0 0 0 0 0 0 0 0 0 0 0 0 0 0 0 0 0 0 0 0 0 0 0 0 0 1 0 0]
 [0 0 0 3 0 0 0 0 0 0 0 0 0 0 0 0 0 0 0 0 0 1 1 0 0 0 0 0 0 0 0]
 [0 0 0 1 2 0 0 0 1 0 1 0 0 0 0 0 0 1 0 0 0 0 0 0 0 0 0 0 0 0 0]
 [0 0 0 0 0 6 0 0 0 0 0 0 0 0 0 0 0 0 0 0 0 0 0 0 0 0 0 0 0 0 0]
 [0 0 0 0 0 0 2 0 1 0 0 0 0 0 0 0 0 0 0 0 0 0 0 0 0 0 0 0 2 0 0]
 [0 3 0 2 0 0 0 2 2 0 1 0 0 0 1 0 0 0 0 1 0 0 0 0 0 0 0 0 0 0 0]
 [0 0 0 1 0 0 0 0 3 0 0 0 0 0 0 0 0 0 0 0 0 0 0 0 0 0 0 0 0 0 0]
 [0 0 0 0 0 0 0 0 0 2 0 1 0 0 0 0 0 0 0 0 0 0 0 0 0 1 0 0 1 0 1]
 [0 0 0 0 0 0 0 0 0 0 3 0 0 0 0 0 0 0 0 1 0 0 0 0 0 0 0 0 0 0 0]
 [0 0 0 0 0 0 1 0 1 0 0 5 0 0 0 0 0 0 0 0 0 1 0 0 0 0 0 0 0 0 0]
 [0 0 0 0 0 0 0 0 0 0 0 0 7 0 0 0 0 0 0 0 0 0 0 0 0 0 0 1 0 0 0]
 [0 0 0 0 0 0 0 0 0 0 0 0 0 3 0 0 0 0 0 0 1 0 1 1 0 0 0 0 0 0 0]
 [0 0 0 0 0 0 0 1 0 0 0 1 0 0 4 0 0 0 0 0 0 0 0 0 0 0 0 0 0 0 0]
 [0 0 0 0 0 0 0 0 1 0 0 0 0 0 0 8 0 0 0 0 0 0 0 1 0 0 0 0 0 0 0]
 [0 0 0 0 0 0 0 0 0 0 0 0 0 0 0 0 2 0 0 0 0 0 0 0 0 0 0 0 0 0 0]
 [0 2 0 0 0 0 0 0 0 0 0 0 0 0 0 0 0 1 0 0 0 0 0 0 1 0 0 0 0 0 0]
 [0 0 0 0 0 0 0 0 0 0 0 0 0 0 0 0 0 0 5 0 0 0 0 0 0 0 0 0 0 0 0]
 [0 0 0 1 0 0 0 0 0 0 0 0 0 0 0 0 0 0 0 4 0 0 0 0 0 0 0 0 0 0 0]
 [0 0 0 0 0 0 0 0 0 0 0 0 0 0 0 0 0 0 0 0 6 0 0 0 0 0 0 0 0 0 0]
 [0 0 0 1 1 0 1 0 0 0 0 0 0 0 0 0 0 0 0 0 0 2 1 0 0 0 0 0 1 0 0]
 [0 0 0 1 0 0 0 0 0 0 0 0 0 0 0 0 0 0 1 0 0 0 7 0 0 0 0 0 0 0 0]
 [0 0 0 0 0 0 0 0 0 0 0 0 0 0 0 0 0 0 0 0 3 0 0 3 0 0 1 0 0 0 1]
 [0 0 1 0 0 0 0 0 0 0 0 0 0 0 0 0 0 0 0 0 0 0 0 0 2 0 0 0 1 0 0]
 [0 0 0 0 0 0 0 0 0 0 0 0 0 0 0 0 0 0 0 0 0 0 0 0 0 5 0 0 0 0 1]
 [0 0 0 0 0 0 0 0 0 0 0 0 0 0 0 0 0 0 0 0 1 1 1 1 0 0 3 0 0 0 0]
 [0 0 0 0 0 0 0 0 0 0 0 0 0 0 0 0 0 0 0 0 0 0 0 0 0 0 0 8 0 0 0]
 [0 0 0 0 0 0 1 0 0 0 0 0 0 0 0 0 0 0 0 0 0 0 0 0 0 0 0 0 3 0 0]
 [0 0 0 0 0 0 0 0 0 0 0 0 0 0 0 1 0 0 0 0 0 0 0 0 0 0 0 0 0 1 0]
 [0 0 0 0 0 0 0 0 0 0 0 0 0 0 0 0 0 0 0 0 0 0 0 0 0 0 0 0 0 0 5]]
The RF model: The test set score using MinMax:
 0.623655913978
The RF model: The best cross validation score using MinMax:
 0.627688172043
The RF model: The best parameters with selected using MinMax:
 {'rf__bootstrap': True, 'rf__max_depth': 10, 'rf__max_features': 'sqrt', 'rf__min_samples_leaf': 1, 'rf__min_samples_split': 5, 'rf__n_estimators': 45}
The RF model: the classification Report using MinMax:
              precision    recall  f1-score   support

    10_User       1.00      0.62      0.77         8
    11_User       0.75      0.60      0.67         5
    12_User       0.80      0.80      0.80         5
    13_User       0.27      0.60      0.37         5
    14_User       0.50      0.33      0.40         6
    15_User       0.83      0.83      0.83         6
    17_User       0.60      0.60      0.60         5
    18_User       0.75      0.25      0.38        12
    19_User       0.33      0.50      0.40         4
     1_User       0.50      0.33      0.40         6
    20_User       0.75      0.75      0.75         4
    21_User       0.57      0.50      0.53         8
    22_User       1.00      0.88      0.93         8
    23_User       0.80      0.67      0.73         6
    24_User       0.50      0.50      0.50         6
    25_User       0.73      0.80      0.76        10
    26_User       1.00      0.50      0.67         2
    27_User       0.75      0.75      0.75         4
    28_User       0.71      1.00      0.83         5
    29_User       1.00      0.80      0.89         5
     2_User       0.45      0.83      0.59         6
    30_User       0.60      0.43      0.50         7
    31_User       0.56      0.56      0.56         9
    32_User       0.40      0.25      0.31         8
     3_User       0.67      0.50      0.57         4
     4_User       0.71      0.83      0.77         6
     5_User       0.80      0.57      0.67         7
     6_User       0.89      1.00      0.94         8
     7_User       0.43      0.75      0.55         4
     8_User       0.14      0.50      0.22         2
     9_User       0.50      0.80      0.62         5

avg / total       0.67      0.62      0.62       186

The RF model: the confusion svc metrics using MinMax:
[[5 0 0 0 0 0 0 0 0 0 0 0 0 0 0 0 0 0 1 0 0 0 0 0 0 0 0 0 0 2 0]
 [0 3 0 0 0 0 0 0 0 0 0 0 0 0 0 0 0 0 0 0 0 0 0 0 0 0 0 0 0 2 0]
 [0 0 4 0 0 0 0 0 0 0 0 0 0 0 0 0 0 0 0 0 0 0 0 0 0 0 0 0 1 0 0]
 [0 0 0 3 0 0 0 0 0 0 0 0 0 0 0 0 0 0 0 0 0 0 1 0 0 0 1 0 0 0 0]
 [0 0 0 1 2 0 0 0 0 0 1 0 0 0 1 0 0 1 0 0 0 0 0 0 0 0 0 0 0 0 0]
 [0 0 0 0 0 5 0 0 0 0 0 0 0 0 0 1 0 0 0 0 0 0 0 0 0 0 0 0 0 0 0]
 [0 0 0 0 0 0 3 0 0 0 0 0 0 0 0 0 0 0 0 0 0 0 0 0 0 0 0 0 2 0 0]
 [0 1 0 3 1 0 0 3 2 1 0 0 0 0 0 0 0 0 0 0 0 0 0 0 0 0 0 0 0 1 0]
 [0 0 0 1 0 0 0 0 2 1 0 0 0 0 0 0 0 0 0 0 0 0 0 0 0 0 0 0 0 0 0]
 [0 0 0 0 1 0 0 0 0 2 0 1 0 0 0 0 0 0 0 0 0 0 0 0 0 1 0 0 0 0 1]
 [0 0 0 0 0 0 0 0 0 0 3 0 0 0 0 1 0 0 0 0 0 0 0 0 0 0 0 0 0 0 0]
 [0 0 0 0 0 0 1 0 2 0 0 4 0 0 0 0 0 0 0 0 0 1 0 0 0 0 0 0 0 0 0]
 [0 0 0 0 0 0 0 0 0 0 0 0 7 0 0 0 0 0 0 0 0 0 0 0 0 0 0 1 0 0 0]
 [0 0 0 0 0 0 0 0 0 0 0 0 0 4 0 0 0 0 0 0 2 0 0 0 0 0 0 0 0 0 0]
 [0 0 0 0 0 0 0 1 0 0 0 2 0 0 3 0 0 0 0 0 0 0 0 0 0 0 0 0 0 0 0]
 [0 0 0 0 0 1 0 0 0 0 0 0 0 0 1 8 0 0 0 0 0 0 0 0 0 0 0 0 0 0 0]
 [0 0 0 0 0 0 0 0 0 0 0 0 0 0 0 0 1 0 0 0 0 0 0 0 0 0 0 0 0 1 0]
 [0 0 0 0 0 0 0 0 0 0 0 0 0 0 0 0 0 3 0 0 0 0 0 0 1 0 0 0 0 0 0]
 [0 0 0 0 0 0 0 0 0 0 0 0 0 0 0 0 0 0 5 0 0 0 0 0 0 0 0 0 0 0 0]
 [0 0 0 1 0 0 0 0 0 0 0 0 0 0 0 0 0 0 0 4 0 0 0 0 0 0 0 0 0 0 0]
 [0 0 0 0 0 0 0 0 0 0 0 0 0 0 0 0 0 0 0 0 5 0 0 1 0 0 0 0 0 0 0]
 [0 0 0 0 0 0 0 0 0 0 0 0 0 0 1 0 0 0 0 0 0 3 2 0 0 0 0 0 0 0 1]
 [0 0 0 2 0 0 0 0 0 0 0 0 0 0 0 0 0 0 1 0 0 0 5 1 0 0 0 0 0 0 0]
 [0 0 0 0 0 0 0 0 0 0 0 0 0 1 0 0 0 0 0 0 4 0 0 2 0 1 0 0 0 0 0]
 [0 0 1 0 0 0 0 0 0 0 0 0 0 0 0 0 0 0 0 0 0 0 0 0 2 0 0 0 1 0 0]
 [0 0 0 0 0 0 0 0 0 0 0 0 0 0 0 0 0 0 0 0 0 0 0 0 0 5 0 0 0 0 1]
 [0 0 0 0 0 0 0 0 0 0 0 0 0 0 0 0 0 0 0 0 0 1 1 0 0 0 4 0 0 0 1]
 [0 0 0 0 0 0 0 0 0 0 0 0 0 0 0 0 0 0 0 0 0 0 0 0 0 0 0 8 0 0 0]
 [0 0 0 0 0 0 1 0 0 0 0 0 0 0 0 0 0 0 0 0 0 0 0 0 0 0 0 0 3 0 0]
 [0 0 0 0 0 0 0 0 0 0 0 0 0 0 0 1 0 0 0 0 0 0 0 0 0 0 0 0 0 1 0]
 [0 0 0 0 0 0 0 0 0 0 0 0 0 0 0 0 0 0 0 0 0 0 0 1 0 0 0 0 0 0 4]]
The RF model: The test set score using MinMax:
 0.5
The RF model: The best cross validation score using MinMax:
 0.569892473118
The RF model: The best parameters with selected using MinMax:
 {'rf__bootstrap': True, 'rf__max_depth': 10, 'rf__max_features': 'sqrt', 'rf__min_samples_leaf': 1, 'rf__min_samples_split': 5, 'rf__n_estimators': 45}
The RF model: the classification Report using MinMax:
              precision    recall  f1-score   support

    10_User       1.00      0.60      0.75        10
    11_User       0.86      0.67      0.75         9
    12_User       0.75      1.00      0.86         3
    13_User       0.44      0.44      0.44         9
    14_User       0.14      0.25      0.18         4
    15_User       0.43      0.60      0.50         5
    17_User       0.67      0.67      0.67         9
    18_User       0.25      0.17      0.20         6
    19_User       0.14      0.33      0.20         3
     1_User       0.00      0.00      0.00         7
    20_User       0.83      0.71      0.77         7
    21_User       0.27      0.50      0.35         6
    22_User       0.86      0.86      0.86         7
    23_User       0.50      0.33      0.40         9
    24_User       0.38      0.38      0.38         8
    25_User       0.00      0.00      0.00         2
    26_User       0.83      1.00      0.91         5
    27_User       0.75      1.00      0.86         3
    28_User       1.00      0.67      0.80         3
    29_User       0.50      0.43      0.46         7
     2_User       0.33      0.67      0.44         6
    30_User       0.71      0.71      0.71         7
    31_User       0.50      0.22      0.31         9
    32_User       0.50      0.33      0.40         6
     3_User       1.00      0.57      0.73         7
     4_User       0.00      0.00      0.00         5
     5_User       0.00      0.00      0.00         8
     6_User       0.80      0.80      0.80         5
     7_User       0.40      0.80      0.53         5
     8_User       0.29      0.50      0.36         4
     9_User       0.33      1.00      0.50         2

avg / total       0.53      0.50      0.49       186

The RF model: the confusion svc metrics using MinMax:
[[6 0 0 0 0 0 0 0 0 0 0 0 0 0 0 0 0 0 0 0 0 0 0 0 0 0 0 0 0 4 0]
 [0 6 0 0 0 0 1 1 0 0 0 0 0 0 0 0 0 0 0 0 0 0 0 0 0 0 0 0 0 1 0]
 [0 0 3 0 0 0 0 0 0 0 0 0 0 0 0 0 0 0 0 0 0 0 0 0 0 0 0 0 0 0 0]
 [0 0 0 4 0 0 0 0 1 0 0 2 0 0 0 0 0 0 0 1 0 1 0 0 0 0 0 0 0 0 0]
 [0 0 0 0 1 0 0 0 1 1 0 0 0 0 0 0 0 1 0 0 0 0 0 0 0 0 0 0 0 0 0]
 [0 0 0 0 0 3 0 0 0 0 0 0 0 0 0 0 0 0 0 0 0 0 2 0 0 0 0 0 0 0 0]
 [0 0 0 0 0 0 6 0 1 0 0 0 0 0 0 0 0 0 0 0 0 0 0 0 0 0 0 0 2 0 0]
 [0 0 0 1 1 0 0 1 0 0 0 1 0 0 2 0 0 0 0 0 0 0 0 0 0 0 0 0 0 0 0]
 [0 0 0 0 0 0 0 0 1 0 0 1 0 0 0 1 0 0 0 0 0 0 0 0 0 0 0 0 0 0 0]
 [0 1 0 0 1 0 1 0 0 0 0 1 0 0 0 1 0 0 0 0 0 0 0 0 0 0 0 0 2 0 0]
 [0 0 0 0 0 0 0 0 0 0 5 0 0 0 0 2 0 0 0 0 0 0 0 0 0 0 0 0 0 0 0]
 [0 0 0 0 0 0 0 0 0 0 0 3 0 0 1 0 0 0 0 1 0 0 0 0 0 0 0 0 1 0 0]
 [0 0 0 0 0 0 0 0 0 0 0 0 6 0 0 0 0 0 0 0 0 0 0 0 0 0 0 1 0 0 0]
 [0 0 0 0 0 0 0 0 0 0 0 0 0 3 0 0 0 0 0 0 5 0 0 1 0 0 0 0 0 0 0]
 [0 0 0 0 2 0 0 1 1 0 0 0 0 0 3 0 0 0 0 0 0 0 0 0 0 0 0 0 0 0 1]
 [0 0 0 0 0 2 0 0 0 0 0 0 0 0 0 0 0 0 0 0 0 0 0 0 0 0 0 0 0 0 0]
 [0 0 0 0 0 0 0 0 0 0 0 0 0 0 0 0 5 0 0 0 0 0 0 0 0 0 0 0 0 0 0]
 [0 0 0 0 0 0 0 0 0 0 0 0 0 0 0 0 0 3 0 0 0 0 0 0 0 0 0 0 0 0 0]
 [0 0 0 0 0 0 0 0 0 0 0 0 0 0 0 0 1 0 2 0 0 0 0 0 0 0 0 0 0 0 0]
 [0 0 0 0 0 0 0 1 0 0 1 2 0 0 0 0 0 0 0 3 0 0 0 0 0 0 0 0 0 0 0]
 [0 0 0 0 0 0 0 0 0 0 0 0 0 0 0 0 0 0 0 0 4 0 0 1 0 0 1 0 0 0 0]
 [0 0 0 0 0 0 0 0 0 1 0 0 0 0 1 0 0 0 0 0 0 5 0 0 0 0 0 0 0 0 0]
 [0 0 0 2 0 2 0 0 0 0 0 1 0 0 0 0 0 0 0 1 0 0 2 0 0 0 0 0 0 0 1]
 [0 0 0 0 0 0 0 0 0 0 0 0 0 2 0 0 0 0 0 0 1 0 0 2 0 0 1 0 0 0 0]
 [0 0 1 0 0 0 0 0 0 0 0 0 0 0 0 1 0 0 0 0 0 0 0 0 4 0 0 0 1 0 0]
 [0 0 0 0 2 0 0 0 1 0 0 0 0 0 1 0 0 0 0 0 0 0 0 0 0 0 0 0 0 0 1]
 [0 0 0 2 0 0 0 0 1 0 0 0 0 1 0 0 0 0 0 0 2 1 0 0 0 0 0 0 0 0 1]
 [0 0 0 0 0 0 0 0 0 0 0 0 1 0 0 0 0 0 0 0 0 0 0 0 0 0 0 4 0 0 0]
 [0 0 0 0 0 0 1 0 0 0 0 0 0 0 0 0 0 0 0 0 0 0 0 0 0 0 0 0 4 0 0]
 [0 0 0 0 0 0 0 0 0 0 0 0 0 0 0 2 0 0 0 0 0 0 0 0 0 0 0 0 0 2 0]
 [0 0 0 0 0 0 0 0 0 0 0 0 0 0 0 0 0 0 0 0 0 0 0 0 0 0 0 0 0 0 2]]
The RF model: The test set score using MinMax:
 0.483870967742
The RF model: The best cross validation score using MinMax:
 0.568548387097
The RF model: The best parameters with selected using MinMax:
 {'rf__bootstrap': True, 'rf__max_depth': 10, 'rf__max_features': 'auto', 'rf__min_samples_leaf': 1, 'rf__min_samples_split': 2, 'rf__n_estimators': 45}
The RF model: the classification Report using MinMax:
              precision    recall  f1-score   support

    10_User       1.00      0.50      0.67        10
    11_User       0.64      0.78      0.70         9
    12_User       0.60      1.00      0.75         3
    13_User       0.50      0.56      0.53         9
    14_User       0.18      0.50      0.27         4
    15_User       0.27      0.60      0.37         5
    17_User       0.71      0.56      0.63         9
    18_User       0.00      0.00      0.00         6
    19_User       0.14      0.33      0.20         3
     1_User       0.50      0.14      0.22         7
    20_User       0.56      0.71      0.63         7
    21_User       0.27      0.50      0.35         6
    22_User       0.83      0.71      0.77         7
    23_User       0.50      0.33      0.40         9
    24_User       0.40      0.25      0.31         8
    25_User       0.00      0.00      0.00         2
    26_User       0.71      1.00      0.83         5
    27_User       1.00      1.00      1.00         3
    28_User       1.00      0.67      0.80         3
    29_User       0.50      0.29      0.36         7
     2_User       0.30      0.50      0.37         6
    30_User       0.50      0.57      0.53         7
    31_User       0.67      0.22      0.33         9
    32_User       0.75      0.50      0.60         6
     3_User       1.00      0.43      0.60         7
     4_User       1.00      0.20      0.33         5
     5_User       0.40      0.25      0.31         8
     6_User       0.80      0.80      0.80         5
     7_User       0.43      0.60      0.50         5
     8_User       0.20      0.25      0.22         4
     9_User       0.33      1.00      0.50         2

avg / total       0.57      0.48      0.48       186

The RF model: the confusion svc metrics using MinMax:
[[5 1 0 0 0 0 0 0 0 0 0 0 0 0 0 0 0 0 0 0 0 0 0 0 0 0 0 0 0 3 1]
 [0 7 0 0 0 0 0 1 0 0 0 0 0 0 0 0 0 0 0 0 0 0 0 0 0 0 0 0 0 1 0]
 [0 0 3 0 0 0 0 0 0 0 0 0 0 0 0 0 0 0 0 0 0 0 0 0 0 0 0 0 0 0 0]
 [0 0 0 5 0 0 0 0 1 0 0 1 0 0 0 0 0 0 0 1 0 1 0 0 0 0 0 0 0 0 0]
 [0 0 1 0 2 0 0 0 1 0 0 0 0 0 0 0 0 0 0 0 0 0 0 0 0 0 0 0 0 0 0]
 [0 0 0 0 0 3 0 0 0 0 0 0 0 0 0 1 0 0 0 0 0 0 1 0 0 0 0 0 0 0 0]
 [0 0 0 0 0 1 5 0 0 0 0 2 0 0 0 0 0 0 0 0 0 0 0 0 0 0 0 0 1 0 0]
 [0 1 0 1 1 0 0 0 1 0 1 1 0 0 0 0 0 0 0 0 0 0 0 0 0 0 0 0 0 0 0]
 [0 0 0 1 0 1 0 0 1 0 0 0 0 0 0 0 0 0 0 0 0 0 0 0 0 0 0 0 0 0 0]
 [0 1 0 0 0 0 1 0 0 1 1 1 0 0 0 1 0 0 0 0 0 1 0 0 0 0 0 0 0 0 0]
 [0 0 0 0 0 0 0 0 0 0 5 0 0 0 0 2 0 0 0 0 0 0 0 0 0 0 0 0 0 0 0]
 [0 0 0 0 0 0 0 0 0 1 0 3 0 0 0 0 0 0 0 1 0 0 0 0 0 0 0 0 1 0 0]
 [0 0 0 0 0 0 0 0 0 0 0 0 5 0 0 0 0 0 0 0 0 0 0 0 0 0 1 1 0 0 0]
 [0 0 0 0 0 0 0 0 0 0 0 0 0 3 0 0 0 0 0 0 5 0 0 1 0 0 0 0 0 0 0]
 [0 0 0 0 3 0 0 0 2 0 0 0 0 0 2 0 0 0 0 0 0 0 0 0 0 0 0 0 0 0 1]
 [0 0 0 0 0 2 0 0 0 0 0 0 0 0 0 0 0 0 0 0 0 0 0 0 0 0 0 0 0 0 0]
 [0 0 0 0 0 0 0 0 0 0 0 0 0 0 0 0 5 0 0 0 0 0 0 0 0 0 0 0 0 0 0]
 [0 0 0 0 0 0 0 0 0 0 0 0 0 0 0 0 0 3 0 0 0 0 0 0 0 0 0 0 0 0 0]
 [0 0 0 0 0 1 0 0 0 0 0 0 0 0 0 0 0 0 2 0 0 0 0 0 0 0 0 0 0 0 0]
 [0 0 0 0 0 0 0 0 1 0 2 2 0 0 0 0 0 0 0 2 0 0 0 0 0 0 0 0 0 0 0]
 [0 0 0 0 0 0 0 0 0 0 0 0 0 2 0 0 0 0 0 0 3 0 0 0 0 0 1 0 0 0 0]
 [0 0 0 0 1 0 0 0 0 0 0 0 0 0 2 0 0 0 0 0 0 4 0 0 0 0 0 0 0 0 0]
 [0 0 0 2 0 2 0 0 0 0 0 0 0 0 1 0 0 0 0 0 0 1 2 0 0 0 0 0 0 0 1]
 [0 0 0 0 0 0 0 0 0 0 0 0 0 1 0 0 0 0 0 0 1 0 0 3 0 0 1 0 0 0 0]
 [0 1 1 0 0 1 0 0 0 0 0 0 0 0 0 0 0 0 0 0 0 0 0 0 3 0 0 0 1 0 0]
 [0 0 0 0 4 0 0 0 0 0 0 0 0 0 0 0 0 0 0 0 0 0 0 0 0 1 0 0 0 0 0]
 [0 0 0 1 0 0 0 0 0 0 0 1 0 0 0 0 0 0 0 0 1 1 0 0 0 0 2 0 1 0 1]
 [0 0 0 0 0 0 0 0 0 0 0 0 1 0 0 0 0 0 0 0 0 0 0 0 0 0 0 4 0 0 0]
 [0 0 0 0 0 0 1 0 0 0 0 0 0 0 0 0 1 0 0 0 0 0 0 0 0 0 0 0 3 0 0]
 [0 0 0 0 0 0 0 0 0 0 0 0 0 0 0 2 1 0 0 0 0 0 0 0 0 0 0 0 0 1 0]
 [0 0 0 0 0 0 0 0 0 0 0 0 0 0 0 0 0 0 0 0 0 0 0 0 0 0 0 0 0 0 2]]
The RF model: The test set score using MinMax:
 0.47311827957
The RF model: The best cross validation score using MinMax:
 0.594086021505
The RF model: The best parameters with selected using MinMax:
 {'rf__bootstrap': True, 'rf__max_depth': 10, 'rf__max_features': 'auto', 'rf__min_samples_leaf': 1, 'rf__min_samples_split': 2, 'rf__n_estimators': 45}
The RF model: the classification Report using MinMax:
              precision    recall  f1-score   support

    10_User       1.00      0.50      0.67        10
    11_User       0.60      0.67      0.63         9
    12_User       0.60      1.00      0.75         3
    13_User       0.75      0.67      0.71         9
    14_User       0.11      0.25      0.15         4
    15_User       0.30      0.60      0.40         5
    17_User       0.57      0.44      0.50         9
    18_User       1.00      0.33      0.50         6
    19_User       0.12      0.33      0.18         3
     1_User       0.00      0.00      0.00         7
    20_User       0.44      0.57      0.50         7
    21_User       0.33      0.50      0.40         6
    22_User       0.86      0.86      0.86         7
    23_User       0.57      0.44      0.50         9
    24_User       0.25      0.12      0.17         8
    25_User       0.00      0.00      0.00         2
    26_User       0.67      0.80      0.73         5
    27_User       1.00      1.00      1.00         3
    28_User       1.00      0.67      0.80         3
    29_User       0.50      0.57      0.53         7
     2_User       0.50      0.67      0.57         6
    30_User       0.67      0.57      0.62         7
    31_User       0.25      0.11      0.15         9
    32_User       0.50      0.50      0.50         6
     3_User       1.00      0.29      0.44         7
     4_User       0.50      0.20      0.29         5
     5_User       0.00      0.00      0.00         8
     6_User       0.80      0.80      0.80         5
     7_User       0.40      0.80      0.53         5
     8_User       0.17      0.25      0.20         4
     9_User       0.33      1.00      0.50         2

avg / total       0.53      0.47      0.47       186

The RF model: the confusion svc metrics using MinMax:
[[5 1 0 0 0 0 0 0 0 0 0 0 0 0 0 0 0 0 0 0 0 0 0 0 0 0 0 0 0 3 1]
 [0 6 0 0 0 0 0 0 0 0 0 0 0 0 0 1 0 0 0 0 0 0 0 0 0 0 0 0 0 2 0]
 [0 0 3 0 0 0 0 0 0 0 0 0 0 0 0 0 0 0 0 0 0 0 0 0 0 0 0 0 0 0 0]
 [0 0 0 6 1 0 0 0 0 0 0 1 0 0 0 0 0 0 0 1 0 0 0 0 0 0 0 0 0 0 0]
 [0 0 1 0 1 0 0 0 1 0 0 0 0 0 0 0 0 0 0 0 0 0 0 0 0 1 0 0 0 0 0]
 [0 0 0 0 0 3 0 0 0 0 0 0 0 0 0 0 0 0 0 0 0 0 2 0 0 0 0 0 0 0 0]
 [0 0 0 0 0 1 4 0 1 0 0 1 0 0 0 0 0 0 0 0 0 0 0 0 0 0 0 0 2 0 0]
 [0 0 0 0 1 0 0 2 0 1 1 1 0 0 0 0 0 0 0 0 0 0 0 0 0 0 0 0 0 0 0]
 [0 0 0 0 0 1 0 0 1 0 0 0 0 0 0 0 0 0 0 0 0 0 1 0 0 0 0 0 0 0 0]
 [0 2 0 0 0 0 1 0 1 0 1 1 0 0 0 1 0 0 0 0 0 0 0 0 0 0 0 0 0 0 0]
 [0 0 0 0 0 0 0 0 0 0 4 0 0 0 0 3 0 0 0 0 0 0 0 0 0 0 0 0 0 0 0]
 [0 0 0 0 0 0 0 0 0 1 0 3 0 0 0 0 0 0 0 1 0 0 0 0 0 0 0 0 1 0 0]
 [0 0 0 0 0 0 0 0 0 0 0 0 6 0 0 0 0 0 0 0 0 0 0 0 0 0 0 1 0 0 0]
 [0 0 0 0 1 0 0 0 0 0 0 0 0 4 0 0 0 0 0 0 3 0 0 1 0 0 0 0 0 0 0]
 [0 0 0 0 2 0 0 0 2 0 1 0 0 0 1 0 0 0 0 1 0 0 0 0 0 0 0 0 0 0 1]
 [0 0 0 0 0 2 0 0 0 0 0 0 0 0 0 0 0 0 0 0 0 0 0 0 0 0 0 0 0 0 0]
 [0 0 0 0 0 0 0 0 0 0 0 0 0 0 0 0 4 0 0 0 0 0 0 0 0 0 0 0 1 0 0]
 [0 0 0 0 0 0 0 0 0 0 0 0 0 0 0 0 0 3 0 0 0 0 0 0 0 0 0 0 0 0 0]
 [0 0 0 0 0 0 0 0 0 0 0 0 0 0 0 0 1 0 2 0 0 0 0 0 0 0 0 0 0 0 0]
 [0 0 0 0 0 0 0 0 0 0 2 1 0 0 0 0 0 0 0 4 0 0 0 0 0 0 0 0 0 0 0]
 [0 0 0 0 0 0 0 0 0 0 0 0 0 1 0 0 0 0 0 0 4 0 0 1 0 0 0 0 0 0 0]
 [0 0 0 0 0 0 1 0 1 0 0 0 0 0 1 0 0 0 0 0 0 4 0 0 0 0 0 0 0 0 0]
 [0 0 0 1 0 3 0 0 0 0 0 0 0 0 2 0 0 0 0 1 0 1 1 0 0 0 0 0 0 0 0]
 [0 0 0 0 0 0 0 0 0 0 0 0 0 1 0 0 0 0 0 0 1 0 0 3 0 0 1 0 0 0 0]
 [0 1 1 0 0 0 0 0 0 1 0 0 0 0 0 1 0 0 0 0 0 0 0 0 2 0 0 0 1 0 0]
 [0 0 0 0 3 0 0 0 1 0 0 0 0 0 0 0 0 0 0 0 0 0 0 0 0 1 0 0 0 0 0]
 [0 0 0 1 0 0 0 0 0 0 0 1 0 1 0 0 0 0 0 0 0 1 0 1 0 0 0 0 1 0 2]
 [0 0 0 0 0 0 0 0 0 0 0 0 1 0 0 0 0 0 0 0 0 0 0 0 0 0 0 4 0 0 0]
 [0 0 0 0 0 0 1 0 0 0 0 0 0 0 0 0 0 0 0 0 0 0 0 0 0 0 0 0 4 0 0]
 [0 0 0 0 0 0 0 0 0 0 0 0 0 0 0 2 1 0 0 0 0 0 0 0 0 0 0 0 0 1 0]
 [0 0 0 0 0 0 0 0 0 0 0 0 0 0 0 0 0 0 0 0 0 0 0 0 0 0 0 0 0 0 2]]
The RF model: The test set score using MinMax:
 0.618279569892
The RF model: The best cross validation score using MinMax:
 0.641129032258
The RF model: The best parameters with selected using MinMax:
 {'rf__bootstrap': True, 'rf__max_depth': 10, 'rf__max_features': 'auto', 'rf__min_samples_leaf': 1, 'rf__min_samples_split': 5, 'rf__n_estimators': 50}
The RF model: the classification Report using MinMax:
              precision    recall  f1-score   support

    10_User       0.89      0.80      0.84        10
    11_User       0.67      0.67      0.67         9
    12_User       0.75      1.00      0.86         3
    13_User       0.86      0.67      0.75         9
    14_User       0.25      0.50      0.33         4
    15_User       0.38      0.60      0.46         5
    17_User       0.88      0.78      0.82         9
    18_User       0.67      0.33      0.44         6
    19_User       0.12      0.33      0.18         3
     1_User       0.50      0.14      0.22         7
    20_User       0.50      1.00      0.67         7
    21_User       0.71      0.83      0.77         6
    22_User       0.86      0.86      0.86         7
    23_User       1.00      0.67      0.80         9
    24_User       0.40      0.25      0.31         8
    25_User       0.00      0.00      0.00         2
    26_User       0.83      1.00      0.91         5
    27_User       0.75      1.00      0.86         3
    28_User       1.00      1.00      1.00         3
    29_User       0.57      0.57      0.57         7
     2_User       0.40      0.67      0.50         6
    30_User       0.50      0.57      0.53         7
    31_User       0.71      0.56      0.63         9
    32_User       0.60      0.50      0.55         6
     3_User       1.00      0.57      0.73         7
     4_User       0.50      0.20      0.29         5
     5_User       0.50      0.25      0.33         8
     6_User       0.80      0.80      0.80         5
     7_User       0.71      1.00      0.83         5
     8_User       0.25      0.25      0.25         4
     9_User       0.50      1.00      0.67         2

avg / total       0.66      0.62      0.61       186

The RF model: the confusion svc metrics using MinMax:
[[8 1 0 0 0 0 0 0 0 0 0 0 0 0 0 0 0 0 0 0 0 0 0 0 0 0 0 0 0 1 0]
 [0 6 0 0 0 0 0 1 0 0 0 0 0 0 0 0 0 0 0 0 0 0 0 0 0 0 0 0 0 2 0]
 [0 0 3 0 0 0 0 0 0 0 0 0 0 0 0 0 0 0 0 0 0 0 0 0 0 0 0 0 0 0 0]
 [0 0 0 6 0 0 0 0 1 0 0 0 0 0 0 0 0 0 0 2 0 0 0 0 0 0 0 0 0 0 0]
 [0 0 0 0 2 0 0 0 1 0 0 0 0 0 0 0 0 1 0 0 0 0 0 0 0 0 0 0 0 0 0]
 [0 0 0 0 0 3 0 0 1 0 0 0 0 0 0 0 0 0 0 0 0 0 1 0 0 0 0 0 0 0 0]
 [0 0 0 0 0 1 7 0 1 0 0 0 0 0 0 0 0 0 0 0 0 0 0 0 0 0 0 0 0 0 0]
 [0 0 0 0 0 0 0 2 0 0 2 0 0 0 2 0 0 0 0 0 0 0 0 0 0 0 0 0 0 0 0]
 [0 0 0 0 0 1 0 0 1 0 0 0 0 0 0 0 0 0 0 0 0 0 1 0 0 0 0 0 0 0 0]
 [0 1 0 0 0 0 1 0 0 1 2 1 0 0 0 0 0 0 0 0 0 0 0 0 0 1 0 0 0 0 0]
 [0 0 0 0 0 0 0 0 0 0 7 0 0 0 0 0 0 0 0 0 0 0 0 0 0 0 0 0 0 0 0]
 [0 0 0 0 0 0 0 0 0 0 0 5 0 0 0 0 0 0 0 0 0 0 0 0 0 0 0 0 1 0 0]
 [0 0 0 0 0 0 0 0 0 0 0 0 6 0 0 0 0 0 0 0 0 0 0 0 0 0 0 1 0 0 0]
 [0 0 0 0 0 0 0 0 0 0 0 0 0 6 0 0 0 0 0 0 3 0 0 0 0 0 0 0 0 0 0]
 [0 0 0 0 2 0 0 0 0 1 1 1 0 0 2 0 0 0 0 0 0 0 0 0 0 0 0 0 0 0 1]
 [0 0 0 0 0 2 0 0 0 0 0 0 0 0 0 0 0 0 0 0 0 0 0 0 0 0 0 0 0 0 0]
 [0 0 0 0 0 0 0 0 0 0 0 0 0 0 0 0 5 0 0 0 0 0 0 0 0 0 0 0 0 0 0]
 [0 0 0 0 0 0 0 0 0 0 0 0 0 0 0 0 0 3 0 0 0 0 0 0 0 0 0 0 0 0 0]
 [0 0 0 0 0 0 0 0 0 0 0 0 0 0 0 0 0 0 3 0 0 0 0 0 0 0 0 0 0 0 0]
 [0 0 0 0 0 0 0 0 1 0 2 0 0 0 0 0 0 0 0 4 0 0 0 0 0 0 0 0 0 0 0]
 [0 0 0 0 0 0 0 0 0 0 0 0 0 0 0 0 0 0 0 0 4 0 0 2 0 0 0 0 0 0 0]
 [0 0 0 0 0 0 0 0 1 0 0 0 0 0 1 0 0 0 0 1 0 4 0 0 0 0 0 0 0 0 0]
 [0 0 0 1 0 1 0 0 0 0 0 0 0 0 0 0 0 0 0 0 0 1 5 0 0 0 1 0 0 0 0]
 [0 0 0 0 0 0 0 0 0 0 0 0 0 0 0 0 0 0 0 0 2 0 0 3 0 0 1 0 0 0 0]
 [1 0 1 0 0 0 0 0 0 0 0 0 0 0 0 0 0 0 0 0 0 0 0 0 4 0 0 0 1 0 0]
 [0 0 0 0 4 0 0 0 0 0 0 0 0 0 0 0 0 0 0 0 0 0 0 0 0 1 0 0 0 0 0]
 [0 0 0 0 0 0 0 0 1 0 0 0 0 0 0 0 0 0 0 0 1 3 0 0 0 0 2 0 0 0 1]
 [0 0 0 0 0 0 0 0 0 0 0 0 1 0 0 0 0 0 0 0 0 0 0 0 0 0 0 4 0 0 0]
 [0 0 0 0 0 0 0 0 0 0 0 0 0 0 0 0 0 0 0 0 0 0 0 0 0 0 0 0 5 0 0]
 [0 1 0 0 0 0 0 0 0 0 0 0 0 0 0 1 1 0 0 0 0 0 0 0 0 0 0 0 0 1 0]
 [0 0 0 0 0 0 0 0 0 0 0 0 0 0 0 0 0 0 0 0 0 0 0 0 0 0 0 0 0 0 2]]
The RF model: The test set score using MinMax:
 0.591397849462
The RF model: The best cross validation score using MinMax:
 0.650537634409
The RF model: The best parameters with selected using MinMax:
 {'rf__bootstrap': True, 'rf__max_depth': 10, 'rf__max_features': 'sqrt', 'rf__min_samples_leaf': 1, 'rf__min_samples_split': 2, 'rf__n_estimators': 50}
The RF model: the classification Report using MinMax:
              precision    recall  f1-score   support

    10_User       0.89      0.80      0.84        10
    11_User       0.70      0.78      0.74         9
    12_User       0.60      1.00      0.75         3
    13_User       0.71      0.56      0.63         9
    14_User       0.22      0.50      0.31         4
    15_User       0.44      0.80      0.57         5
    17_User       0.75      0.67      0.71         9
    18_User       0.50      0.17      0.25         6
    19_User       0.11      0.33      0.17         3
     1_User       1.00      0.14      0.25         7
    20_User       0.75      0.86      0.80         7
    21_User       0.57      0.67      0.62         6
    22_User       0.83      0.71      0.77         7
    23_User       0.89      0.89      0.89         9
    24_User       0.33      0.25      0.29         8
    25_User       0.00      0.00      0.00         2
    26_User       0.83      1.00      0.91         5
    27_User       1.00      1.00      1.00         3
    28_User       1.00      1.00      1.00         3
    29_User       0.56      0.71      0.63         7
     2_User       0.50      0.50      0.50         6
    30_User       0.44      0.57      0.50         7
    31_User       0.83      0.56      0.67         9
    32_User       0.33      0.33      0.33         6
     3_User       1.00      0.43      0.60         7
     4_User       1.00      0.20      0.33         5
     5_User       0.67      0.25      0.36         8
     6_User       0.80      0.80      0.80         5
     7_User       0.50      0.80      0.62         5
     8_User       0.25      0.25      0.25         4
     9_User       0.40      1.00      0.57         2

avg / total       0.67      0.59      0.59       186

The RF model: the confusion svc metrics using MinMax:
[[8 1 0 0 0 0 0 0 0 0 0 0 0 0 0 0 0 0 0 0 0 0 0 0 0 0 0 0 0 1 0]
 [0 7 0 0 0 0 0 1 0 0 0 0 0 0 0 0 0 0 0 0 0 0 0 0 0 0 0 0 0 1 0]
 [0 0 3 0 0 0 0 0 0 0 0 0 0 0 0 0 0 0 0 0 0 0 0 0 0 0 0 0 0 0 0]
 [0 0 0 5 0 0 0 0 0 0 0 1 0 0 0 0 0 0 0 2 0 1 0 0 0 0 0 0 0 0 0]
 [0 0 1 0 2 0 0 0 1 0 0 0 0 0 0 0 0 0 0 0 0 0 0 0 0 0 0 0 0 0 0]
 [0 0 0 0 0 4 0 0 1 0 0 0 0 0 0 0 0 0 0 0 0 0 0 0 0 0 0 0 0 0 0]
 [0 0 0 0 0 1 6 0 1 0 0 0 0 0 0 0 0 0 0 0 0 0 0 0 0 0 0 0 1 0 0]
 [0 0 0 0 1 0 0 1 0 0 0 1 0 0 3 0 0 0 0 0 0 0 0 0 0 0 0 0 0 0 0]
 [0 0 0 0 0 1 0 0 1 0 0 0 0 0 0 0 0 0 0 0 0 0 1 0 0 0 0 0 0 0 0]
 [0 1 0 0 0 0 1 0 1 1 1 1 0 0 0 1 0 0 0 0 0 0 0 0 0 0 0 0 0 0 0]
 [0 0 0 0 0 0 0 0 0 0 6 0 0 0 0 0 0 0 0 0 0 0 0 0 0 0 0 0 0 1 0]
 [0 0 0 0 0 0 0 0 0 0 0 4 0 0 0 0 0 0 0 1 0 0 0 0 0 0 0 0 1 0 0]
 [0 0 0 0 0 0 0 0 0 0 0 0 5 0 0 0 0 0 0 0 0 0 0 0 0 0 0 1 0 0 1]
 [0 0 0 0 0 0 0 0 0 0 0 0 0 8 0 0 0 0 0 0 0 0 0 1 0 0 0 0 0 0 0]
 [0 0 0 1 2 0 0 0 1 0 0 0 0 0 2 1 0 0 0 0 0 0 0 0 0 0 0 0 0 0 1]
 [0 0 0 0 0 2 0 0 0 0 0 0 0 0 0 0 0 0 0 0 0 0 0 0 0 0 0 0 0 0 0]
 [0 0 0 0 0 0 0 0 0 0 0 0 0 0 0 0 5 0 0 0 0 0 0 0 0 0 0 0 0 0 0]
 [0 0 0 0 0 0 0 0 0 0 0 0 0 0 0 0 0 3 0 0 0 0 0 0 0 0 0 0 0 0 0]
 [0 0 0 0 0 0 0 0 0 0 0 0 0 0 0 0 0 0 3 0 0 0 0 0 0 0 0 0 0 0 0]
 [0 0 0 0 0 0 0 0 1 0 1 0 0 0 0 0 0 0 0 5 0 0 0 0 0 0 0 0 0 0 0]
 [0 0 0 0 0 0 0 0 0 0 0 0 0 0 0 0 0 0 0 0 3 0 0 3 0 0 0 0 0 0 0]
 [0 0 0 0 0 0 0 0 1 0 0 0 0 0 1 0 0 0 0 1 0 4 0 0 0 0 0 0 0 0 0]
 [0 0 0 1 0 1 0 0 0 0 0 0 0 0 0 0 0 0 0 0 0 2 5 0 0 0 0 0 0 0 0]
 [0 0 0 0 0 0 0 0 0 0 0 0 0 1 0 0 0 0 0 0 2 0 0 2 0 0 1 0 0 0 0]
 [1 1 1 0 0 0 0 0 0 0 0 0 0 0 0 0 0 0 0 0 0 0 0 0 3 0 0 0 1 0 0]
 [0 0 0 0 4 0 0 0 0 0 0 0 0 0 0 0 0 0 0 0 0 0 0 0 0 1 0 0 0 0 0]
 [0 0 0 0 0 0 0 0 1 0 0 0 0 0 0 0 0 0 0 0 1 2 0 0 0 0 2 0 1 0 1]
 [0 0 0 0 0 0 0 0 0 0 0 0 1 0 0 0 0 0 0 0 0 0 0 0 0 0 0 4 0 0 0]
 [0 0 0 0 0 0 1 0 0 0 0 0 0 0 0 0 0 0 0 0 0 0 0 0 0 0 0 0 4 0 0]
 [0 0 0 0 0 0 0 0 0 0 0 0 0 0 0 2 1 0 0 0 0 0 0 0 0 0 0 0 0 1 0]
 [0 0 0 0 0 0 0 0 0 0 0 0 0 0 0 0 0 0 0 0 0 0 0 0 0 0 0 0 0 0 2]]
The RF model: The test set score using MinMax:
 0.586021505376
The RF model: The best cross validation score using MinMax:
 0.646505376344
The RF model: The best parameters with selected using MinMax:
 {'rf__bootstrap': True, 'rf__max_depth': 10, 'rf__max_features': 'sqrt', 'rf__min_samples_leaf': 1, 'rf__min_samples_split': 5, 'rf__n_estimators': 50}
The RF model: the classification Report using MinMax:
              precision    recall  f1-score   support

    10_User       1.00      0.80      0.89        10
    11_User       0.88      0.78      0.82         9
    12_User       0.60      1.00      0.75         3
    13_User       0.62      0.56      0.59         9
    14_User       0.30      0.75      0.43         4
    15_User       0.38      0.60      0.46         5
    17_User       0.75      0.67      0.71         9
    18_User       1.00      0.17      0.29         6
    19_User       0.00      0.00      0.00         3
     1_User       0.00      0.00      0.00         7
    20_User       0.56      0.71      0.63         7
    21_User       0.83      0.83      0.83         6
    22_User       0.83      0.71      0.77         7
    23_User       0.78      0.78      0.78         9
    24_User       0.43      0.38      0.40         8
    25_User       0.00      0.00      0.00         2
    26_User       0.71      1.00      0.83         5
    27_User       1.00      1.00      1.00         3
    28_User       1.00      1.00      1.00         3
    29_User       0.44      0.57      0.50         7
     2_User       0.60      0.50      0.55         6
    30_User       0.33      0.43      0.38         7
    31_User       0.83      0.56      0.67         9
    32_User       0.38      0.50      0.43         6
     3_User       1.00      0.43      0.60         7
     4_User       0.50      0.20      0.29         5
     5_User       0.50      0.25      0.33         8
     6_User       0.80      0.80      0.80         5
     7_User       0.62      1.00      0.77         5
     8_User       0.33      0.50      0.40         4
     9_User       0.50      1.00      0.67         2

avg / total       0.63      0.59      0.58       186

The RF model: the confusion svc metrics using MinMax:
[[8 0 0 0 0 0 0 0 0 0 0 0 0 0 0 0 0 0 0 0 0 0 0 0 0 0 0 0 0 2 0]
 [0 7 0 0 0 0 0 0 0 0 0 0 0 0 0 0 0 0 0 0 0 0 0 0 0 0 0 0 0 2 0]
 [0 0 3 0 0 0 0 0 0 0 0 0 0 0 0 0 0 0 0 0 0 0 0 0 0 0 0 0 0 0 0]
 [0 0 0 5 0 0 0 0 0 0 0 0 0 0 1 0 0 0 0 1 0 2 0 0 0 0 0 0 0 0 0]
 [0 0 1 0 3 0 0 0 0 0 0 0 0 0 0 0 0 0 0 0 0 0 0 0 0 0 0 0 0 0 0]
 [0 0 0 0 0 3 0 0 0 0 0 0 0 0 1 0 0 0 0 1 0 0 0 0 0 0 0 0 0 0 0]
 [0 0 0 1 0 1 6 0 1 0 0 0 0 0 0 0 0 0 0 0 0 0 0 0 0 0 0 0 0 0 0]
 [0 0 0 0 1 0 0 1 0 0 0 0 0 0 2 1 0 0 0 1 0 0 0 0 0 0 0 0 0 0 0]
 [0 0 0 0 0 1 0 0 0 0 0 0 0 0 0 0 0 0 0 1 0 0 1 0 0 0 0 0 0 0 0]
 [0 1 0 0 0 0 1 0 0 0 1 1 0 0 0 2 0 0 0 0 0 0 0 0 0 1 0 0 0 0 0]
 [0 0 0 0 0 0 0 0 0 0 5 0 0 0 0 1 0 0 0 0 0 1 0 0 0 0 0 0 0 0 0]
 [0 0 0 0 0 0 0 0 0 0 0 5 0 0 0 0 0 0 0 0 0 0 0 0 0 0 0 0 1 0 0]
 [0 0 0 0 0 0 0 0 0 0 0 0 5 0 0 0 0 0 0 0 0 0 0 0 0 0 0 1 0 0 1]
 [0 0 0 0 0 0 0 0 0 0 0 0 0 7 0 0 0 0 0 0 0 0 0 2 0 0 0 0 0 0 0]
 [0 0 0 0 2 0 0 0 0 1 1 0 0 0 3 0 0 0 0 0 0 0 0 0 0 0 0 0 0 0 1]
 [0 0 0 0 0 2 0 0 0 0 0 0 0 0 0 0 0 0 0 0 0 0 0 0 0 0 0 0 0 0 0]
 [0 0 0 0 0 0 0 0 0 0 0 0 0 0 0 0 5 0 0 0 0 0 0 0 0 0 0 0 0 0 0]
 [0 0 0 0 0 0 0 0 0 0 0 0 0 0 0 0 0 3 0 0 0 0 0 0 0 0 0 0 0 0 0]
 [0 0 0 0 0 0 0 0 0 0 0 0 0 0 0 0 0 0 3 0 0 0 0 0 0 0 0 0 0 0 0]
 [0 0 0 0 0 0 0 0 1 0 2 0 0 0 0 0 0 0 0 4 0 0 0 0 0 0 0 0 0 0 0]
 [0 0 0 0 0 0 0 0 0 0 0 0 0 1 0 0 0 0 0 0 3 0 0 2 0 0 0 0 0 0 0]
 [0 0 0 1 0 0 1 0 1 0 0 0 0 0 0 0 0 0 0 1 0 3 0 0 0 0 0 0 0 0 0]
 [0 0 0 1 0 1 0 0 0 0 0 0 0 0 0 0 0 0 0 0 0 1 5 0 0 0 1 0 0 0 0]
 [0 0 0 0 0 0 0 0 0 0 0 0 0 1 0 0 0 0 0 0 1 0 0 3 0 0 1 0 0 0 0]
 [0 0 1 0 0 0 0 0 0 0 0 0 0 0 0 1 1 0 0 0 0 0 0 0 3 0 0 0 1 0 0]
 [0 0 0 0 4 0 0 0 0 0 0 0 0 0 0 0 0 0 0 0 0 0 0 0 0 1 0 0 0 0 0]
 [0 0 0 0 0 0 0 0 1 0 0 0 0 0 0 0 0 0 0 0 1 2 0 1 0 0 2 0 1 0 0]
 [0 0 0 0 0 0 0 0 0 0 0 0 1 0 0 0 0 0 0 0 0 0 0 0 0 0 0 4 0 0 0]
 [0 0 0 0 0 0 0 0 0 0 0 0 0 0 0 0 0 0 0 0 0 0 0 0 0 0 0 0 5 0 0]
 [0 0 0 0 0 0 0 0 0 0 0 0 0 0 0 1 1 0 0 0 0 0 0 0 0 0 0 0 0 2 0]
 [0 0 0 0 0 0 0 0 0 0 0 0 0 0 0 0 0 0 0 0 0 0 0 0 0 0 0 0 0 0 2]]
The RF model: The test set score using MinMax:
 0.575268817204
The RF model: The best cross validation score using MinMax:
 0.647849462366
The RF model: The best parameters with selected using MinMax:
 {'rf__bootstrap': True, 'rf__max_depth': 10, 'rf__max_features': 'auto', 'rf__min_samples_leaf': 2, 'rf__min_samples_split': 2, 'rf__n_estimators': 45}
The RF model: the classification Report using MinMax:
              precision    recall  f1-score   support

    10_User       1.00      0.80      0.89        10
    11_User       0.78      0.78      0.78         9
    12_User       0.60      1.00      0.75         3
    13_User       0.75      0.33      0.46         9
    14_User       0.17      0.25      0.20         4
    15_User       0.44      0.80      0.57         5
    17_User       0.67      0.44      0.53         9
    18_User       1.00      0.17      0.29         6
    19_User       0.11      0.33      0.17         3
     1_User       0.33      0.14      0.20         7
    20_User       0.57      0.57      0.57         7
    21_User       0.56      0.83      0.67         6
    22_User       1.00      0.86      0.92         7
    23_User       0.88      0.78      0.82         9
    24_User       0.40      0.25      0.31         8
    25_User       0.00      0.00      0.00         2
    26_User       0.67      0.80      0.73         5
    27_User       0.60      1.00      0.75         3
    28_User       0.75      1.00      0.86         3
    29_User       0.56      0.71      0.63         7
     2_User       0.44      0.67      0.53         6
    30_User       0.40      0.57      0.47         7
    31_User       0.83      0.56      0.67         9
    32_User       0.50      0.33      0.40         6
     3_User       1.00      0.43      0.60         7
     4_User       0.67      0.40      0.50         5
     5_User       0.50      0.25      0.33         8
     6_User       1.00      1.00      1.00         5
     7_User       0.62      1.00      0.77         5
     8_User       0.33      0.25      0.29         4
     9_User       0.33      1.00      0.50         2

avg / total       0.65      0.58      0.57       186

The RF model: the confusion svc metrics using MinMax:
[[8 1 0 0 0 0 0 0 0 0 0 0 0 0 0 0 0 0 0 0 0 0 0 0 0 0 0 0 0 1 0]
 [0 7 0 0 0 0 0 0 0 0 0 0 0 0 0 1 0 0 0 0 0 0 0 0 0 0 0 0 0 1 0]
 [0 0 3 0 0 0 0 0 0 0 0 0 0 0 0 0 0 0 0 0 0 0 0 0 0 0 0 0 0 0 0]
 [0 0 0 3 0 0 0 0 0 0 0 3 0 0 0 0 0 0 0 1 0 2 0 0 0 0 0 0 0 0 0]
 [0 0 0 0 1 0 0 0 1 0 0 0 0 0 0 0 0 2 0 0 0 0 0 0 0 0 0 0 0 0 0]
 [0 0 0 0 0 4 0 0 1 0 0 0 0 0 0 0 0 0 0 0 0 0 0 0 0 0 0 0 0 0 0]
 [0 0 0 0 0 1 4 0 2 0 1 0 0 0 0 0 0 0 0 0 0 0 0 0 0 0 0 0 1 0 0]
 [0 0 0 0 1 0 0 1 1 0 0 0 0 0 2 0 0 0 0 1 0 0 0 0 0 0 0 0 0 0 0]
 [0 0 0 0 0 1 0 0 1 0 0 0 0 0 0 0 0 0 0 0 0 0 1 0 0 0 0 0 0 0 0]
 [0 1 0 0 0 0 1 0 0 1 0 1 0 0 0 2 0 0 0 0 0 0 0 0 0 1 0 0 0 0 0]
 [0 0 0 0 0 0 1 0 0 1 4 0 0 0 0 1 0 0 0 0 0 0 0 0 0 0 0 0 0 0 0]
 [0 0 0 0 0 0 0 0 0 0 0 5 0 0 0 0 0 0 0 0 0 0 0 0 0 0 0 0 1 0 0]
 [0 0 0 0 0 0 0 0 0 0 0 0 6 0 0 0 0 0 0 0 0 0 0 0 0 0 0 0 0 0 1]
 [0 0 0 0 0 0 0 0 0 0 0 0 0 7 0 0 0 0 0 0 2 0 0 0 0 0 0 0 0 0 0]
 [0 0 0 0 1 0 0 0 1 1 1 0 0 0 2 0 0 0 0 1 0 0 0 0 0 0 0 0 0 0 1]
 [0 0 0 0 0 2 0 0 0 0 0 0 0 0 0 0 0 0 0 0 0 0 0 0 0 0 0 0 0 0 0]
 [0 0 1 0 0 0 0 0 0 0 0 0 0 0 0 0 4 0 0 0 0 0 0 0 0 0 0 0 0 0 0]
 [0 0 0 0 0 0 0 0 0 0 0 0 0 0 0 0 0 3 0 0 0 0 0 0 0 0 0 0 0 0 0]
 [0 0 0 0 0 0 0 0 0 0 0 0 0 0 0 0 0 0 3 0 0 0 0 0 0 0 0 0 0 0 0]
 [0 0 0 0 0 0 0 0 1 0 1 0 0 0 0 0 0 0 0 5 0 0 0 0 0 0 0 0 0 0 0]
 [0 0 0 0 0 0 0 0 0 0 0 0 0 0 0 0 0 0 0 0 4 0 0 2 0 0 0 0 0 0 0]
 [0 0 0 0 1 0 0 0 0 0 0 0 0 0 1 0 0 0 0 1 0 4 0 0 0 0 0 0 0 0 0]
 [0 0 0 1 0 1 0 0 0 0 0 0 0 0 0 0 0 0 0 0 0 1 5 0 0 0 1 0 0 0 0]
 [0 0 0 0 0 0 0 0 0 0 0 0 0 1 0 0 0 0 0 0 2 0 0 2 0 0 1 0 0 0 0]
 [0 0 1 0 0 0 0 0 0 0 0 0 0 0 0 0 1 0 1 0 0 0 0 0 3 0 0 0 1 0 0]
 [0 0 0 0 2 0 0 0 0 0 0 0 0 0 0 0 0 0 0 0 0 0 0 0 0 2 0 0 0 0 1]
 [0 0 0 0 0 0 0 0 1 0 0 0 0 0 0 0 0 0 0 0 1 3 0 0 0 0 2 0 0 0 1]
 [0 0 0 0 0 0 0 0 0 0 0 0 0 0 0 0 0 0 0 0 0 0 0 0 0 0 0 5 0 0 0]
 [0 0 0 0 0 0 0 0 0 0 0 0 0 0 0 0 0 0 0 0 0 0 0 0 0 0 0 0 5 0 0]
 [0 0 0 0 0 0 0 0 0 0 0 0 0 0 0 2 1 0 0 0 0 0 0 0 0 0 0 0 0 1 0]
 [0 0 0 0 0 0 0 0 0 0 0 0 0 0 0 0 0 0 0 0 0 0 0 0 0 0 0 0 0 0 2]]
